0.0629755	119.909	-226.809	1.93E-05	6.24E-07	6.24E-07
0.0630146	119.913	-226.806	1.93E-05	6.24E-07	6.24E-07
0.0716503	138.976	-251.8		9.94E-06	2.32E-07	2.32E-07
0.0702002	139.066	-251.732	9.94E-06	2.32E-07	2.32E-07
0.0664753	127.553	-236.822	1.47E-05	5.06E-07	5.06E-07
0.0662424	127.567	-236.811	1.47E-05	5.06E-07	5.06E-07
0.0696754	135.214	-246.822	1.14E-05	3.15E-07	3.15E-07
0.0696068	135.216	-246.82	1.14E-05	3.15E-07	3.15E-07
0.0728196	142.878	-256.82	8.58E-06	1.56E-07	1.56E-07
0.0728308	142.887	-256.813	8.58E-06	1.56E-07	1.56E-07
0.0699361	135.192	-246.839	1.14E-05	3.15E-07	3.15E-07
0.0690045	135.25		-246.795	1.14E-05	3.14E-07	3.14E-07
0.0654431	125.274	-233.835	1.58E-05	5.58E-07	5.58E-07
0.0653284	125.281	-233.829	1.58E-05	5.58E-07	5.58E-07
0.0676996	130.647	-240.854	1.33E-05	4.25E-07	4.25E-07
0.0676804	130.647	-240.854	1.33E-05	4.25E-07	4.25E-07
0.0699448	136.02		-247.874	1.11E-05	2.96E-07	2.96E-07
0.0699114	136.025	-247.87	1.11E-05	2.96E-07	2.96E-07
0.0722324	141.401	-254.887	9.09E-06	1.84E-07	1.84E-07
0.0678716	130.635	-240.863	1.33E-05	4.25E-07	4.25E-07
0.0674128	130.663	-240.842	1.33E-05	4.25E-07	4.25E-07
0.0724623	141.396	-254.891	9.09E-06	1.84E-07	1.84E-07
0.0721995	141.401	-254.887	9.09E-06	1.84E-07	1.84E-07
0.0734898	144.442	-258.85	8.07E-06	1.28E-07	1.28E-07
0.0735043	144.443	-258.849	8.07E-06	1.28E-07	1.28E-07
0.0729931	143.271	-257.324	8.45E-06	1.49E-07	1.49E-07
0.0729986	143.272	-257.324	8.45E-06	1.49E-07	1.49E-07
0.0737999	145.142	-259.762	7.85E-06	1.16E-07	1.16E-07
0.0737991	145.142	-259.762	7.85E-06	1.16E-07	1.16E-07
0.0737867	145.142	-259.762	7.85E-06	1.16E-07	1.16E-07
0.0738086	145.143	-259.761	7.85E-06	1.16E-07	1.16E-07
0.0727557	142.712	-256.595	8.64E-06	1.59E-07	1.59E-07
0.0727584	142.712	-256.595	8.64E-06	1.59E-07	1.59E-07
0.0733181	144.023	-258.304	8.20E-06	1.35E-07	1.35E-07
0.0733179	144.023	-258.304	8.20E-06	1.35E-07	1.35E-07
0.0733119	144.023	-258.304	8.20E-06	1.35E-07	1.35E-07
0.0733227	144.024	-258.303	8.20E-06	1.35E-07	1.35E-07
0.0726192	142.39		-256.176	8.75E-06	1.65E-07	1.65E-07
0.0726207	142.39		-256.176	8.75E-06	1.65E-07	1.65E-07
0.0730422	143.379	-257.465	8.42E-06	1.47E-07	1.47E-07
0.0730421	143.379	-257.465	8.42E-06	1.47E-07	1.47E-07
0.0734651	144.368	-258.753	8.09E-06	1.29E-07	1.29E-07
0.073467	144.369	-258.753	8.09E-06	1.29E-07	1.29E-07
0.0730388	143.379	-257.465	8.42E-06	1.47E-07	1.47E-07
0.0730449	143.38		-257.464	8.42E-06	1.47E-07	1.47E-07
0.0630146	119.913	-226.806	1.93E-05	6.24E-07	6.24E-07
0.0652944	124.946	-233.404	1.60E-05	5.61E-07	5.61E-07
0.0651933	124.952	-233.399	1.60E-05	5.61E-07	5.61E-07
0.0674189	129.989	-239.995	1.36E-05	4.42E-07	4.42E-07
0.0674032	129.99		-239.994	1.36E-05	4.42E-07	4.42E-07
0.0695341	135.033	-246.585	1.15E-05	3.19E-07	3.19E-07
0.0694991	135.037	-246.581	1.15E-05	3.19E-07	3.19E-07
0.0716723	140.083	-253.169	9.55E-06	2.10E-07	2.10E-07
0.0675742	129.978	-240.003	1.36E-05	4.42E-07	4.42E-07
0.0671699	130.003	-239.983	1.36E-05	4.42E-07	4.42E-07
0.0718549	140.079	-253.173	9.55E-06	2.10E-07	2.10E-07
0.0716444	140.084	-253.169	9.55E-06	2.10E-07	2.10E-07
0.0721983	141.394	-254.877	9.09E-06	1.84E-07	1.84E-07
0.0722005	141.394	-254.877	9.09E-06	1.84E-07	1.84E-07
0.0727575	142.705	-256.585	8.64E-06	1.59E-07	1.59E-07
0.0727572	142.705	-256.585	8.64E-06	1.59E-07	1.59E-07
0.0733165	144.015	-258.293	8.21E-06	1.35E-07	1.35E-07
0.0733196	144.015	-258.293	8.21E-06	1.35E-07	1.35E-07
0.0727521	142.704	-256.586	8.64E-06	1.59E-07	1.59E-07
0.0727612	142.705	-256.585	8.64E-06	1.59E-07	1.59E-07
0.0716444	140.084	-253.169	9.55E-06	2.10E-07	2.10E-07
0.0721982	141.394	-254.877	9.09E-06	1.84E-07	1.84E-07
0.0722005	141.394	-254.877	9.09E-06	1.84E-07	1.84E-07
0.0727574	142.704	-256.585	8.64E-06	1.59E-07	1.59E-07
0.0727571	142.704	-256.585	8.64E-06	1.59E-07	1.59E-07
0.0733162	144.015	-258.293	8.21E-06	1.35E-07	1.35E-07
0.0733193	144.015	-258.292	8.21E-06	1.35E-07	1.35E-07
0.072752	142.704	-256.585	8.64E-06	1.59E-07	1.59E-07
0.072761	142.705	-256.584	8.64E-06	1.59E-07	1.59E-07


