-24	-12	-192	-1.16E-06	4.17E-12	4.17E-12
-24	-12	-180	-1.18E-06	-7.54E-09	-7.54E-09
-24	-12	-168	-1.23E-06	-1.72E-08	-1.72E-08
-24	-12	-156	-1.24E-06	1.52E-08	1.52E-08
-24	-12	-144	-1.19E-06	7.17E-09	7.17E-09
-24	-12	-132	-1.16E-06	9.64E-10	9.64E-10
-24	-12	-120	-1.18E-06	-4.88E-09	-4.88E-09
-24	-12	-108	-1.22E-06	-1.23E-08	-1.23E-08
-24	-12	-96	-1.25E-06	1.27E-08	1.27E-08
-24	-12	-84	-1.20E-06	6.24E-09	6.24E-09
-24	-12	-72	-1.17E-06	1.44E-09	1.44E-09
-24	-12	-60	-1.17E-06	-2.88E-09	-2.88E-09
-24	-12	-48	-1.21E-06	-8.15E-09	-8.15E-09
-24	-12	-36	-1.26E-06	9.30E-09	9.30E-09
-24	-12	-24	-1.21E-06	4.73E-09	4.73E-09
-24	-12	-12	-1.17E-06	1.44E-09	1.44E-09
-24	-12	0	-1.17E-06	-1.44E-09	-1.44E-09
-24	-12	12	-1.21E-06	-4.72E-09	-4.72E-09
-24	-12	24	-1.26E-06	-9.30E-09	-9.30E-09
-24	-12	36	-1.22E-06	2.72E-09	2.72E-09
-24	-12	48	-1.17E-06	9.63E-10	9.63E-10
-24	-12	60	-1.17E-06	-4.77E-10	-4.77E-10
-24	-12	72	-1.20E-06	-2.07E-09	-2.07E-09
-24	-12	84	-1.25E-06	-4.22E-09	-4.22E-09
-24	-12	96	-1.23E-06	1.74E-12	1.74E-12
-24	-12	108	-1.18E-06	2.30E-12	2.30E-12
-24	-12	120	-1.17E-06	2.77E-12	2.77E-12
-24	-12	132	-1.19E-06	3.71E-12	3.71E-12
-24	-12	144	-1.24E-06	4.40E-12	4.40E-12
-24	-12	156	-1.23E-06	-3.44E-09	-3.44E-09
-24	-12	168	-1.19E-06	-1.50E-09	-1.50E-09
-24	-12	180	-1.16E-06	2.68E-12	2.68E-12
-24	-12	192	-1.19E-06	1.51E-09	1.51E-09
-24	0	-192	-1.19E-06	-2.12E-09	-2.12E-09
-24	0	-180	-1.19E-06	2.12E-09	2.12E-09
-24	0	-168	-1.23E-06	7.03E-09	7.03E-09
-24	0	-156	-1.29E-06	1.40E-08	1.40E-08
-24	0	-144	-1.24E-06	-1.08E-08	-1.08E-08
-24	0	-132	-1.19E-06	-3.77E-09	-3.77E-09
-24	0	-120	-1.19E-06	1.89E-09	1.89E-09
-24	0	-108	-1.22E-06	8.23E-09	8.23E-09
-24	0	-96	-1.28E-06	1.69E-08	1.69E-08
-24	0	-84	-1.25E-06	-1.54E-08	-1.54E-08
-24	0	-72	-1.20E-06	-6.01E-09	-6.01E-09
-24	0	-60	-1.18E-06	1.18E-09	1.18E-09
-24	0	-48	-1.21E-06	8.88E-09	8.88E-09
-24	0	-36	-1.27E-06	1.91E-08	1.91E-08
-24	0	-24	-1.26E-06	-2.07E-08	-2.07E-08
-24	0	-12	-1.20E-06	-8.97E-09	-8.97E-09
-24	0	0	-1.18E-06	3.11E-12	3.11E-12
-24	0	12	-1.20E-06	8.98E-09	8.98E-09
-24	0	24	-1.26E-06	2.07E-08	2.07E-08
-24	0	36	-1.26E-06	-2.68E-08	-2.68E-08
-24	0	48	-1.21E-06	-1.25E-08	-1.25E-08
-24	0	60	-1.18E-06	-1.67E-09	-1.67E-09
-24	0	72	-1.19E-06	8.50E-09	8.50E-09
-24	0	84	-1.24E-06	2.16E-08	2.16E-08
-24	0	96	-1.27E-06	-3.40E-08	-3.40E-08
-24	0	108	-1.22E-06	-1.66E-08	-1.66E-08
-24	0	120	-1.18E-06	-3.83E-09	-3.83E-09
-24	0	132	-1.19E-06	7.67E-09	7.67E-09
-24	0	144	-1.23E-06	2.18E-08	2.18E-08
-24	0	156	-1.28E-06	-4.22E-08	-4.22E-08
-24	0	168	-1.22E-06	-2.13E-08	-2.13E-08
-24	0	180	-1.18E-06	-6.48E-09	-6.48E-09
-24	0	192	-1.18E-06	6.48E-09	6.48E-09
-24	12	-192	-1.21E-06	-1.53E-08	-1.53E-08
-24	12	-180	-1.18E-06	3.27E-12	3.27E-12
-24	12	-168	-1.21E-06	1.53E-08	1.53E-08
-24	12	-156	-1.27E-06	3.63E-08	3.63E-08
-24	12	-144	-1.28E-06	-4.42E-08	-4.42E-08
-24	12	-132	-1.22E-06	-2.02E-08	-2.02E-08
-24	12	-120	-1.19E-06	-2.65E-09	-2.65E-09
-24	12	-108	-1.20E-06	1.36E-08	1.36E-08
-24	12	-96	-1.26E-06	3.54E-08	3.54E-08
-24	12	-84	-1.28E-06	-5.35E-08	-5.35E-08
-24	12	-72	-1.22E-06	-2.55E-08	-2.55E-08
-24	12	-60	-1.19E-06	-5.80E-09	-5.80E-09
-24	12	-48	-1.19E-06	1.16E-08	1.16E-08
-24	12	-36	-1.24E-06	3.37E-08	3.37E-08
-24	12	-24	-1.29E-06	-6.39E-08	-6.39E-08
-24	12	-12	-1.23E-06	-3.16E-08	-3.16E-08
-24	12	0	-1.19E-06	-9.47E-09	-9.47E-09
-24	12	12	-1.19E-06	9.47E-09	9.47E-09
-24	12	24	-1.23E-06	3.16E-08	3.16E-08
-24	12	36	-1.29E-06	6.39E-08	6.39E-08
-24	12	48	-1.23E-06	-3.94E-08	-3.94E-08
-24	12	60	-1.19E-06	-1.37E-08	-1.37E-08
-24	12	72	-1.18E-06	6.83E-09	6.83E-09
-24	12	84	-1.21E-06	2.99E-08	2.99E-08
-24	12	96	-1.27E-06	6.20E-08	6.20E-08
-24	12	108	-1.27E-06	4.26E-08	4.26E-08
-24	12	120	-1.21E-06	1.59E-08	1.59E-08
-24	12	132	-1.19E-06	-3.10E-09	-3.10E-09
-24	12	144	-1.23E-06	-2.39E-08	-2.39E-08
-24	12	156	-1.30E-06	-5.35E-08	-5.35E-08
-24	12	168	-1.29E-06	4.46E-08	4.46E-08
-24	12	180	-1.22E-06	1.83E-08	1.83E-08
-24	12	192	-1.19E-06	7.45E-12	7.45E-12
-12	-24	-192	1.90E-06	-4.58E-07	-4.58E-07
-12	-24	-180	7.14E-07	-1.31E-06	-1.31E-06
-12	-24	-168	-1.90E-06	-1.88E-06	-1.88E-06
-12	-24	-156	8.13E-07	-1.68E-06	-1.68E-06
-12	-24	-144	2.39E-06	-7.11E-07	-7.11E-07
-12	-24	-132	2.55E-06	3.55E-07	3.55E-07
-12	-24	-120	1.48E-06	1.37E-06	1.37E-06
-12	-24	-108	-1.03E-06	2.18E-06	2.18E-06
-12	-24	-96	5.06E-07	-1.75E-06	-1.75E-06
-12	-24	-84	2.40E-06	-8.53E-07	-8.53E-07
-12	-24	-72	2.81E-06	1.72E-07	1.72E-07
-12	-24	-60	1.89E-06	1.17E-06	1.17E-06
-12	-24	-48	-3.88E-07	2.01E-06	2.01E-06
-12	-24	-36	1.75E-07	-1.80E-06	-1.80E-06
-12	-24	-24	2.30E-06	-9.71E-07	-9.71E-07
-12	-24	-12	3.06E-06	1.43E-12	1.43E-12
-12	-24	0	2.30E-06	9.71E-07	9.71E-07
-12	-24	12	1.75E-07	1.80E-06	1.80E-06
-12	-24	24	-1.86E-07	-1.82E-06	-1.82E-06
-12	-24	36	2.18E-06	-1.06E-06	-1.06E-06
-12	-24	48	3.13E-06	-1.55E-07	-1.55E-07
-12	-24	60	2.71E-06	7.72E-07	7.72E-07
-12	-24	72	7.44E-07	1.58E-06	1.58E-06
-12	-24	84	-6.76E-07	-1.79E-06	-1.79E-06
-12	-24	96	2.04E-06	-1.13E-06	-1.13E-06
-12	-24	108	3.19E-06	-2.92E-07	-2.92E-07
-12	-24	120	3.02E-06	5.84E-07	5.84E-07
-12	-24	132	1.33E-06	1.38E-06	1.38E-06
-12	-24	144	-1.24E-06	-1.75E-06	-1.75E-06
-12	-24	156	1.90E-06	-1.18E-06	-1.18E-06
-12	-24	168	3.25E-06	-4.10E-07	-4.10E-07
-12	-24	180	3.25E-06	4.10E-07	4.10E-07
-12	-24	192	1.90E-06	1.18E-06	1.18E-06
-12	-12	-192	4.48E-06	4.60E-12	4.60E-12
-12	-12	-180	3.64E-06	7.65E-07	7.65E-07
-12	-12	-168	1.23E-06	1.43E-06	1.43E-06
-12	-12	-156	7.80E-07	-1.35E-06	-1.35E-06
-12	-12	-144	3.46E-06	-7.84E-07	-7.84E-07
-12	-12	-132	4.50E-06	-1.15E-07	-1.15E-07
-12	-12	-120	4.04E-06	5.70E-07	5.70E-07
-12	-12	-108	1.84E-06	1.18E-06	1.18E-06
-12	-12	-96	1.70E-07	-1.24E-06	-1.24E-06
-12	-12	-84	3.27E-06	-7.74E-07	-7.74E-07
-12	-12	-72	4.52E-06	-1.99E-07	-1.99E-07
-12	-12	-60	4.33E-06	3.98E-07	3.98E-07
-12	-12	-48	2.47E-06	9.45E-07	9.45E-07
-12	-12	-36	-5.22E-07	-1.09E-06	-1.09E-06
-12	-12	-24	3.07E-06	-7.35E-07	-7.35E-07
-12	-12	-12	4.54E-06	-2.54E-07	-2.54E-07
-12	-12	0	4.54E-06	2.54E-07	2.54E-07
-12	-12	12	3.07E-06	7.35E-07	7.35E-07
-12	-12	24	-5.22E-07	1.09E-06	1.09E-06
-12	-12	36	2.62E-06	-6.47E-07	-6.47E-07
-12	-12	48	4.51E-06	-2.74E-07	-2.74E-07
-12	-12	60	4.70E-06	1.37E-07	1.37E-07
-12	-12	72	3.43E-06	5.31E-07	5.31E-07
-12	-12	84	2.76E-07	8.43E-07	8.43E-07
-12	-12	96	2.10E-06	-5.24E-07	-5.24E-07
-12	-12	108	4.37E-06	-2.55E-07	-2.55E-07
-12	-12	120	4.84E-06	5.13E-08	5.13E-08
-12	-12	132	3.77E-06	3.50E-07	3.50E-07
-12	-12	144	1.00E-06	6.01E-07	6.01E-07
-12	-12	156	1.58E-06	-3.75E-07	-3.75E-07
-12	-12	168	4.11E-06	-2.02E-07	-2.02E-07
-12	-12	180	4.97E-06	1.53E-12	1.53E-12
-12	-12	192	4.11E-06	2.02E-07	2.02E-07
-12	0	-192	5.55E-06	1.20E-12	1.20E-12
-12	0	-180	5.55E-06	-6.71E-13	-6.71E-13
-12	0	-168	4.01E-06	-2.00E-12	-2.00E-12
-12	0	-156	-2.00E-06	-3.22E-12	-3.22E-12
-12	0	-144	3.42E-06	1.83E-07	1.83E-07
-12	0	-132	5.41E-06	7.67E-08	7.67E-08
-12	0	-120	5.60E-06	-3.84E-08	-3.84E-08
-12	0	-108	4.28E-06	-1.49E-07	-1.49E-07
-12	0	-96	9.01E-07	-2.40E-07	-2.40E-07
-12	0	-84	2.80E-06	3.95E-07	3.95E-07
-12	0	-72	5.17E-06	1.91E-07	1.91E-07
-12	0	-60	5.65E-06	-3.84E-08	-3.84E-08
-12	0	-48	4.55E-06	-2.63E-07	-2.63E-07
-12	0	-36	1.63E-06	-4.55E-07	-4.55E-07
-12	0	-24	2.19E-06	6.38E-07	6.38E-07
-12	0	-12	4.82E-06	3.40E-07	3.40E-07
-12	0	0	5.70E-06	-4.43E-12	-4.43E-12
-12	0	12	4.82E-06	-3.40E-07	-3.40E-07
-12	0	24	2.19E-06	-6.38E-07	-6.38E-07
-12	0	36	1.57E-06	9.10E-07	9.10E-07
-12	0	48	4.47E-06	5.26E-07	5.26E-07
-12	0	60	5.56E-06	7.67E-08	7.67E-08
-12	0	72	5.09E-06	-3.82E-07	-3.82E-07
-12	0	84	2.73E-06	-7.91E-07	-7.91E-07
-12	0	96	7.74E-07	1.19E-06	1.19E-06
-12	0	108	4.09E-06	7.40E-07	7.40E-07
-12	0	120	5.39E-06	1.90E-07	1.90E-07
-12	0	132	5.20E-06	-3.80E-07	-3.80E-07
-12	0	144	3.24E-06	-9.06E-07	-9.06E-07
-12	0	156	-1.11E-07	1.48E-06	1.48E-06
-12	0	168	3.66E-06	9.78E-07	9.78E-07
-12	0	180	5.17E-06	3.35E-07	3.35E-07
-12	0	192	5.17E-06	-3.35E-07	-3.35E-07
-12	12	-192	5.03E-06	9.58E-07	9.58E-07
-12	12	-180	5.92E-06	-3.05E-12	-3.05E-12
-12	12	-168	5.03E-06	-9.58E-07	-9.58E-07
-12	12	-156	2.38E-06	-1.82E-06	-1.82E-06
-12	12	-144	1.70E-06	2.19E-06	2.19E-06
-12	12	-132	4.59E-06	1.24E-06	1.24E-06
-12	12	-120	5.68E-06	1.80E-07	1.80E-07
-12	12	-108	5.21E-06	-8.97E-07	-8.97E-07
-12	12	-96	2.85E-06	-1.89E-06	-1.89E-06
-12	12	-84	8.01E-07	2.51E-06	2.51E-06
-12	12	-72	4.09E-06	1.53E-06	1.53E-06
-12	12	-60	5.38E-06	3.88E-07	3.88E-07
-12	12	-48	5.19E-06	-7.77E-07	-7.77E-07
-12	12	-36	3.25E-06	-1.88E-06	-1.88E-06
-12	12	-24	-1.43E-07	2.83E-06	2.83E-06
-12	12	-12	3.59E-06	1.83E-06	1.83E-06
-12	12	0	5.08E-06	6.23E-07	6.23E-07
-12	12	12	5.08E-06	-6.23E-07	-6.23E-07
-12	12	24	3.59E-06	-1.83E-06	-1.83E-06
-12	12	36	-1.43E-07	-2.83E-06	-2.83E-06
-12	12	48	2.88E-06	2.14E-06	2.14E-06
-12	12	60	4.78E-06	8.85E-07	8.85E-07
-12	12	72	4.96E-06	-4.42E-07	-4.42E-07
-12	12	84	3.69E-06	-1.74E-06	-1.74E-06
-12	12	96	5.04E-07	-2.87E-06	-2.87E-06
-12	12	108	2.14E-06	2.47E-06	2.47E-06
-12	12	120	4.39E-06	1.17E-06	1.17E-06
-12	12	132	4.85E-06	-2.35E-07	-2.35E-07
-12	12	144	3.79E-06	-1.62E-06	-1.62E-06
-12	12	156	1.05E-06	-2.87E-06	-2.87E-06
-12	12	168	1.41E-06	2.79E-06	2.79E-06
-12	12	180	3.86E-06	1.45E-06	1.45E-06
-12	12	192	4.70E-06	-4.33E-12	-4.33E-12
-12	24	-192	3.77E-06	-2.69E-06	-2.69E-06
-12	24	-180	5.32E-06	-9.10E-07	-9.10E-07
-12	24	-168	5.32E-06	9.10E-07	9.10E-07
-12	24	-156	3.77E-06	2.69E-06	2.69E-06
-12	24	-144	-1.27E-07	4.25E-06	4.25E-06
-12	24	-132	3.49E-06	-2.87E-06	-2.87E-06
-12	24	-120	5.51E-06	-1.17E-06	-1.17E-06
-12	24	-108	5.71E-06	5.86E-07	5.86E-07
-12	24	-96	4.37E-06	2.32E-06	2.32E-06
-12	24	-84	9.34E-07	3.89E-06	3.89E-06
-12	24	-72	3.15E-06	-3.00E-06	-3.00E-06
-12	24	-60	5.60E-06	-1.40E-06	-1.40E-06
-12	24	-48	6.09E-06	2.81E-07	2.81E-07
-12	24	-36	4.96E-06	1.95E-06	1.95E-06
-12	24	-24	1.94E-06	3.51E-06	3.51E-06
-12	24	-12	2.76E-06	-3.06E-06	-3.06E-06
-12	24	0	5.53E-06	-1.58E-06	-1.58E-06
-12	24	12	6.44E-06	5.60E-13	5.60E-13
-12	24	24	5.53E-06	1.58E-06	1.58E-06
-12	24	36	2.76E-06	3.06E-06	3.06E-06
-12	24	48	2.36E-06	-3.09E-06	-3.09E-06
-12	24	60	5.45E-06	-1.73E-06	-1.73E-06
-12	24	72	6.60E-06	-2.49E-07	-2.49E-07
-12	24	84	6.10E-06	1.24E-06	1.24E-06
-12	24	96	3.60E-06	2.65E-06	2.65E-06
-12	24	108	1.73E-06	-3.06E-06	-3.06E-06
-12	24	120	5.37E-06	-1.84E-06	-1.84E-06
-12	24	132	6.75E-06	-4.65E-07	-4.65E-07
-12	24	144	6.55E-06	9.30E-07	9.30E-07
-12	24	156	4.45E-06	2.27E-06	2.27E-06
-12	24	168	9.74E-07	-2.98E-06	-2.98E-06
-12	24	180	5.27E-06	-1.91E-06	-1.91E-06
-12	24	192	6.89E-06	-6.46E-07	-6.46E-07
0	-24	-192	4.67E-05	-4.79E-06	-4.79E-06
0	-24	-180	5.40E-05	-1.56E-05	-1.56E-05
0	-24	-168	7.29E-05	-3.10E-05	-3.10E-05
0	-24	-156	5.45E-05	1.94E-05	1.94E-05
0	-24	-144	4.56E-05	6.84E-06	6.84E-06
0	-24	-132	4.47E-05	-3.42E-06	-3.42E-06
0	-24	-120	5.06E-05	-1.48E-05	-1.48E-05
0	-24	-108	6.61E-05	-3.05E-05	-3.05E-05
0	-24	-96	5.45E-05	2.34E-05	2.34E-05
0	-24	-84	4.46E-05	9.14E-06	9.14E-06
0	-24	-72	4.26E-05	-1.80E-06	-1.80E-06
0	-24	-60	4.72E-05	-1.34E-05	-1.34E-05
0	-24	-48	5.94E-05	-2.91E-05	-2.91E-05
0	-24	-36	5.39E-05	2.76E-05	2.76E-05
0	-24	-24	4.38E-05	1.18E-05	1.18E-05
0	-24	-12	4.21E-05	4.02E-06	4.02E-06
0	-24	0	4.38E-05	-1.18E-05	-1.18E-05
0	-24	12	5.39E-05	-2.76E-05	-2.76E-05
0	-24	24	5.68E-05	-3.10E-05	-3.10E-05
0	-24	36	4.56E-05	-1.42E-05	-1.42E-05
0	-24	48	4.13E-05	-1.90E-06	-1.90E-06
0	-24	60	4.32E-05	9.64E-06	9.64E-06
0	-24	72	5.23E-05	2.48E-05	2.48E-05
0	-24	84	6.35E-05	-3.28E-05	-3.28E-05
0	-24	96	4.91E-05	-1.57E-05	-1.57E-05
0	-24	108	4.35E-05	-3.63E-06	-3.63E-06
0	-24	120	4.43E-05	7.27E-06	7.27E-06
0	-24	132	5.27E-05	2.07E-05	2.07E-05
0	-24	144	7.09E-05	-3.41E-05	-3.41E-05
0	-24	156	5.27E-05	-1.70E-05	-1.70E-05
0	-24	168	4.57E-05	-5.18E-06	-5.18E-06
0	-24	180	4.57E-05	5.18E-06	5.18E-06
0	-24	192	5.27E-05	1.70E-05	1.70E-05
0	-12	-192	4.78E-05	6.84E-12	6.84E-12
0	-12	-180	5.24E-05	9.45E-06	9.45E-06
0	-12	-168	6.61E-05	2.13E-05	2.13E-05
0	-12	-156	7.16E-05	-2.14E-05	-2.14E-05
0	-12	-144	5.59E-05	-1.03E-05	-1.03E-05
0	-12	-132	4.98E-05	-1.40E-06	-1.40E-06
0	-12	-120	5.25E-05	7.10E-06	7.10E-06
0	-12	-108	6.53E-05	1.74E-05	1.74E-05
0	-12	-96	7.82E-05	-2.10E-05	-2.10E-05
0	-12	-84	5.93E-05	-1.09E-05	-1.09E-05
0	-12	-72	5.18E-05	-2.57E-06	-2.57E-06
0	-12	-60	5.29E-05	5.13E-06	5.13E-06
0	-12	-48	6.41E-05	1.40E-05	1.40E-05
0	-12	-36	8.42E-05	-2.02E-05	-2.02E-05
0	-12	-24	6.23E-05	-1.09E-05	-1.09E-05
0	-12	-12	5.34E-05	-3.43E-06	-3.43E-06
0	-12	0	5.34E-05	3.43E-06	3.43E-06
0	-12	12	6.23E-05	1.09E-05	1.09E-05
0	-12	24	8.42E-05	2.02E-05	2.02E-05
0	-12	36	6.66E-05	-1.09E-05	-1.09E-05
0	-12	48	5.49E-05	-4.02E-06	-4.02E-06
0	-12	60	5.38E-05	2.01E-06	2.01E-06
0	-12	72	6.16E-05	8.45E-06	8.45E-06
0	-12	84	8.09E-05	1.61E-05	1.61E-05
0	-12	96	7.12E-05	-1.04E-05	-1.04E-05
0	-12	108	5.71E-05	-4.37E-06	-4.37E-06
0	-12	120	5.42E-05	8.66E-07	8.66E-07
0	-12	132	6.09E-05	6.29E-06	6.29E-06
0	-12	144	7.80E-05	1.26E-05	1.26E-05
0	-12	156	7.59E-05	-9.48E-06	-9.48E-06
0	-12	168	6.01E-05	-4.46E-06	-4.46E-06
0	-12	180	5.45E-05	-4.55E-12	-4.55E-12
0	-12	192	6.01E-05	4.46E-06	4.46E-06
0	0	-192	5.80E-05	-1.33E-06	-1.33E-06
0	0	-180	5.80E-05	1.33E-06	1.33E-06
0	0	-168	6.77E-05	4.15E-06	4.15E-06
0	0	-156	9.03E-05	7.28E-06	7.28E-06
0	0	-144	7.14E-05	-3.11E-06	-3.11E-06
0	0	-132	5.89E-05	-1.18E-06	-1.18E-06
0	0	-120	5.77E-05	5.89E-07	5.89E-07
0	0	-108	6.61E-05	2.45E-06	2.45E-06
0	0	-96	8.61E-05	4.50E-06	4.50E-06
0	0	-84	7.52E-05	-1.73E-06	-1.73E-06
0	0	-72	6.05E-05	-7.42E-07	-7.42E-07
0	0	-60	5.74E-05	1.47E-07	1.47E-07
0	0	-48	6.45E-05	1.06E-06	1.06E-06
0	0	-36	8.22E-05	2.08E-06	2.08E-06
0	0	-24	7.91E-05	-5.76E-13	-5.76E-13
0	0	-12	6.29E-05	-2.75E-12	-2.75E-12
0	0	0	5.70E-05	-7.04E-12	-7.04E-12
0	0	12	6.29E-05	-3.84E-12	-3.84E-12
0	0	24	7.91E-05	1.39E-12	1.39E-12
0	0	36	8.22E-05	2.08E-06	2.08E-06
0	0	48	6.45E-05	1.06E-06	1.06E-06
0	0	60	5.74E-05	1.47E-07	1.47E-07
0	0	72	6.05E-05	-7.42E-07	-7.42E-07
0	0	84	7.52E-05	-1.73E-06	-1.73E-06
0	0	96	8.61E-05	4.50E-06	4.50E-06
0	0	108	6.61E-05	2.45E-06	2.45E-06
0	0	120	5.77E-05	5.89E-07	5.89E-07
0	0	132	5.89E-05	-1.18E-06	-1.18E-06
0	0	144	7.14E-05	-3.11E-06	-3.11E-06
0	0	156	9.03E-05	7.28E-06	7.28E-06
0	0	168	6.77E-05	4.15E-06	4.15E-06
0	0	180	5.80E-05	1.33E-06	1.33E-06
0	0	192	5.80E-05	-1.33E-06	-1.33E-06
0	12	-192	6.01E-05	4.46E-06	4.46E-06
0	12	-180	5.45E-05	1.11E-12	1.11E-12
0	12	-168	6.01E-05	-4.46E-06	-4.46E-06
0	12	-156	7.59E-05	-9.48E-06	-9.48E-06
0	12	-144	7.80E-05	1.26E-05	1.26E-05
0	12	-132	6.09E-05	6.29E-06	6.29E-06
0	12	-120	5.42E-05	8.66E-07	8.66E-07
0	12	-108	5.71E-05	-4.37E-06	-4.37E-06
0	12	-96	7.12E-05	-1.04E-05	-1.04E-05
0	12	-84	8.09E-05	1.61E-05	1.61E-05
0	12	-72	6.16E-05	8.45E-06	8.45E-06
0	12	-60	5.38E-05	2.01E-06	2.01E-06
0	12	-48	5.49E-05	-4.02E-06	-4.02E-06
0	12	-36	6.66E-05	-1.09E-05	-1.09E-05
0	12	-24	8.42E-05	2.02E-05	2.02E-05
0	12	-12	6.23E-05	1.09E-05	1.09E-05
0	12	0	5.34E-05	3.43E-06	3.43E-06
0	12	12	5.34E-05	-3.43E-06	-3.43E-06
0	12	24	6.23E-05	-1.09E-05	-1.09E-05
0	12	36	8.42E-05	-2.02E-05	-2.02E-05
0	12	48	6.41E-05	1.40E-05	1.40E-05
0	12	60	5.29E-05	5.13E-06	5.13E-06
0	12	72	5.18E-05	-2.57E-06	-2.57E-06
0	12	84	5.93E-05	-1.09E-05	-1.09E-05
0	12	96	7.82E-05	-2.10E-05	-2.10E-05
0	12	108	6.53E-05	1.74E-05	1.74E-05
0	12	120	5.25E-05	7.10E-06	7.10E-06
0	12	132	4.98E-05	-1.40E-06	-1.40E-06
0	12	144	5.59E-05	-1.03E-05	-1.03E-05
0	12	156	7.16E-05	-2.14E-05	-2.14E-05
0	12	168	6.61E-05	2.13E-05	2.13E-05
0	12	180	5.24E-05	9.45E-06	9.45E-06
0	12	192	4.78E-05	1.54E-12	1.54E-12
0	24	-192	5.27E-05	1.70E-05	1.70E-05
0	24	-180	4.57E-05	5.18E-06	5.18E-06
0	24	-168	4.57E-05	-5.18E-06	-5.18E-06
0	24	-156	5.27E-05	-1.70E-05	-1.70E-05
0	24	-144	7.09E-05	-3.41E-05	-3.41E-05
0	24	-132	5.27E-05	2.07E-05	2.07E-05
0	24	-120	4.43E-05	7.27E-06	7.27E-06
0	24	-108	4.35E-05	-3.63E-06	-3.63E-06
0	24	-96	4.91E-05	-1.57E-05	-1.57E-05
0	24	-84	6.35E-05	-3.28E-05	-3.28E-05
0	24	-72	5.23E-05	2.48E-05	2.48E-05
0	24	-60	4.32E-05	9.64E-06	9.64E-06
0	24	-48	4.13E-05	-1.90E-06	-1.90E-06
0	24	-36	4.56E-05	-1.42E-05	-1.42E-05
0	24	-24	5.68E-05	-3.10E-05	-3.10E-05
0	24	-12	5.39E-05	-2.76E-05	-2.76E-05
0	24	0	4.38E-05	-1.18E-05	-1.18E-05
0	24	12	4.21E-05	-4.22E-06	-4.22E-06
0	24	24	4.38E-05	1.18E-05	1.18E-05
0	24	36	5.39E-05	2.76E-05	2.76E-05
0	24	48	5.94E-05	-2.91E-05	-2.91E-05
0	24	60	4.72E-05	-1.34E-05	-1.34E-05
0	24	72	4.26E-05	-1.80E-06	-1.80E-06
0	24	84	4.46E-05	9.14E-06	9.14E-06
0	24	96	5.45E-05	2.34E-05	2.34E-05
0	24	108	6.61E-05	-3.05E-05	-3.05E-05
0	24	120	5.06E-05	-1.48E-05	-1.48E-05
0	24	132	4.47E-05	-3.42E-06	-3.42E-06
0	24	144	4.56E-05	6.84E-06	6.84E-06
0	24	156	5.45E-05	1.94E-05	1.94E-05
0	24	168	7.29E-05	-3.10E-05	-3.10E-05
0	24	180	5.40E-05	-1.56E-05	-1.56E-05
0	24	192	4.67E-05	-4.79E-06	-4.79E-06
12	-24	-192	6.89E-06	-6.46E-07	-6.46E-07
12	-24	-180	5.27E-06	-1.91E-06	-1.91E-06
12	-24	-168	9.74E-07	-2.98E-06	-2.98E-06
12	-24	-156	4.45E-06	2.27E-06	2.27E-06
12	-24	-144	6.55E-06	9.30E-07	9.30E-07
12	-24	-132	6.75E-06	-4.65E-07	-4.65E-07
12	-24	-120	5.37E-06	-1.84E-06	-1.84E-06
12	-24	-108	1.73E-06	-3.06E-06	-3.06E-06
12	-24	-96	3.60E-06	2.65E-06	2.65E-06
12	-24	-84	6.10E-06	1.24E-06	1.24E-06
12	-24	-72	6.60E-06	-2.49E-07	-2.49E-07
12	-24	-60	5.45E-06	-1.73E-06	-1.73E-06
12	-24	-48	2.36E-06	-3.09E-06	-3.09E-06
12	-24	-36	2.76E-06	3.06E-06	3.06E-06
12	-24	-24	5.53E-06	1.58E-06	1.58E-06
12	-24	-12	6.44E-06	5.61E-12	5.61E-12
12	-24	0	5.53E-06	-1.58E-06	-1.58E-06
12	-24	12	2.76E-06	-3.06E-06	-3.06E-06
12	-24	24	1.94E-06	3.51E-06	3.51E-06
12	-24	36	4.96E-06	1.95E-06	1.95E-06
12	-24	48	6.09E-06	2.81E-07	2.81E-07
12	-24	60	5.60E-06	-1.40E-06	-1.40E-06
12	-24	72	3.15E-06	-3.00E-06	-3.00E-06
12	-24	84	9.34E-07	3.89E-06	3.89E-06
12	-24	96	4.37E-06	2.32E-06	2.32E-06
12	-24	108	5.71E-06	5.86E-07	5.86E-07
12	-24	120	5.51E-06	-1.17E-06	-1.17E-06
12	-24	132	3.49E-06	-2.87E-06	-2.87E-06
12	-24	144	-1.27E-07	4.25E-06	4.25E-06
12	-24	156	3.77E-06	2.69E-06	2.69E-06
12	-24	168	5.32E-06	9.10E-07	9.10E-07
12	-24	180	5.32E-06	-9.10E-07	-9.10E-07
12	-24	192	3.77E-06	-2.69E-06	-2.69E-06
12	-12	-192	4.70E-06	4.81E-12	4.81E-12
12	-12	-180	3.86E-06	1.45E-06	1.45E-06
12	-12	-168	1.41E-06	2.79E-06	2.79E-06
12	-12	-156	1.05E-06	-2.87E-06	-2.87E-06
12	-12	-144	3.79E-06	-1.62E-06	-1.62E-06
12	-12	-132	4.85E-06	-2.35E-07	-2.35E-07
12	-12	-120	4.39E-06	1.17E-06	1.17E-06
12	-12	-108	2.14E-06	2.47E-06	2.47E-06
12	-12	-96	5.04E-07	-2.87E-06	-2.87E-06
12	-12	-84	3.69E-06	-1.74E-06	-1.74E-06
12	-12	-72	4.96E-06	-4.42E-07	-4.42E-07
12	-12	-60	4.78E-06	8.85E-07	8.85E-07
12	-12	-48	2.88E-06	2.14E-06	2.14E-06
12	-12	-36	-1.43E-07	-2.83E-06	-2.83E-06
12	-12	-24	3.59E-06	-1.83E-06	-1.83E-06
12	-12	-12	5.08E-06	-6.23E-07	-6.23E-07
12	-12	0	5.08E-06	6.23E-07	6.23E-07
12	-12	12	3.59E-06	1.83E-06	1.83E-06
12	-12	24	-1.43E-07	2.83E-06	2.83E-06
12	-12	36	3.25E-06	-1.88E-06	-1.88E-06
12	-12	48	5.19E-06	-7.77E-07	-7.77E-07
12	-12	60	5.38E-06	3.88E-07	3.88E-07
12	-12	72	4.09E-06	1.53E-06	1.53E-06
12	-12	84	8.01E-07	2.51E-06	2.51E-06
12	-12	96	2.85E-06	-1.89E-06	-1.89E-06
12	-12	108	5.21E-06	-8.97E-07	-8.97E-07
12	-12	120	5.68E-06	1.80E-07	1.80E-07
12	-12	132	4.59E-06	1.24E-06	1.24E-06
12	-12	144	1.70E-06	2.19E-06	2.19E-06
12	-12	156	2.38E-06	-1.82E-06	-1.82E-06
12	-12	168	5.03E-06	-9.58E-07	-9.58E-07
12	-12	180	5.92E-06	2.31E-12	2.31E-12
12	-12	192	5.03E-06	9.58E-07	9.58E-07
12	0	-192	5.17E-06	-3.35E-07	-3.35E-07
12	0	-180	5.17E-06	3.35E-07	3.35E-07
12	0	-168	3.66E-06	9.78E-07	9.78E-07
12	0	-156	-1.11E-07	1.48E-06	1.48E-06
12	0	-144	3.24E-06	-9.06E-07	-9.06E-07
12	0	-132	5.20E-06	-3.80E-07	-3.80E-07
12	0	-120	5.39E-06	1.90E-07	1.90E-07
12	0	-108	4.09E-06	7.40E-07	7.40E-07
12	0	-96	7.74E-07	1.19E-06	1.19E-06
12	0	-84	2.73E-06	-7.91E-07	-7.91E-07
12	0	-72	5.09E-06	-3.82E-07	-3.82E-07
12	0	-60	5.56E-06	7.67E-08	7.67E-08
12	0	-48	4.47E-06	5.26E-07	5.26E-07
12	0	-36	1.57E-06	9.10E-07	9.10E-07
12	0	-24	2.19E-06	-6.38E-07	-6.38E-07
12	0	-12	4.82E-06	-3.40E-07	-3.40E-07
12	0	0	5.70E-06	5.35E-12	5.35E-12
12	0	12	4.82E-06	3.40E-07	3.40E-07
12	0	24	2.19E-06	6.38E-07	6.38E-07
12	0	36	1.63E-06	-4.55E-07	-4.55E-07
12	0	48	4.55E-06	-2.63E-07	-2.63E-07
12	0	60	5.65E-06	-3.84E-08	-3.84E-08
12	0	72	5.17E-06	1.91E-07	1.91E-07
12	0	84	2.80E-06	3.95E-07	3.95E-07
12	0	96	9.01E-07	-2.40E-07	-2.40E-07
12	0	108	4.28E-06	-1.49E-07	-1.49E-07
12	0	120	5.60E-06	-3.84E-08	-3.84E-08
12	0	132	5.41E-06	7.67E-08	7.67E-08
12	0	144	3.42E-06	1.83E-07	1.83E-07
12	0	156	1.31E-06	4.09E-12	4.09E-12
12	0	168	4.01E-06	4.23E-12	4.23E-12
12	0	180	5.55E-06	4.52E-12	4.52E-12
12	0	192	5.55E-06	6.21E-12	6.21E-12
12	12	-192	4.11E-06	2.02E-07	2.02E-07
12	12	-180	4.97E-06	6.75E-12	6.75E-12
12	12	-168	4.11E-06	-2.02E-07	-2.02E-07
12	12	-156	1.58E-06	-3.75E-07	-3.75E-07
12	12	-144	1.00E-06	6.01E-07	6.01E-07
12	12	-132	3.77E-06	3.50E-07	3.50E-07
12	12	-120	4.84E-06	5.13E-08	5.13E-08
12	12	-108	4.37E-06	-2.55E-07	-2.55E-07
12	12	-96	2.10E-06	-5.24E-07	-5.24E-07
12	12	-84	2.76E-07	8.43E-07	8.43E-07
12	12	-72	3.43E-06	5.31E-07	5.31E-07
12	12	-60	4.70E-06	1.37E-07	1.37E-07
12	12	-48	4.51E-06	-2.74E-07	-2.74E-07
12	12	-36	2.62E-06	-6.47E-07	-6.47E-07
12	12	-24	-5.22E-07	1.09E-06	1.09E-06
12	12	-12	3.07E-06	7.35E-07	7.35E-07
12	12	0	4.54E-06	2.54E-07	2.54E-07
12	12	12	4.54E-06	-2.54E-07	-2.54E-07
12	12	24	3.07E-06	-7.35E-07	-7.35E-07
12	12	36	-5.22E-07	-1.09E-06	-1.09E-06
12	12	48	2.47E-06	9.45E-07	9.45E-07
12	12	60	4.33E-06	3.98E-07	3.98E-07
12	12	72	4.52E-06	-1.99E-07	-1.99E-07
12	12	84	3.27E-06	-7.74E-07	-7.74E-07
12	12	96	1.70E-07	-1.24E-06	-1.24E-06
12	12	108	1.84E-06	1.18E-06	1.18E-06
12	12	120	4.04E-06	5.70E-07	5.70E-07
12	12	132	4.50E-06	-1.15E-07	-1.15E-07
12	12	144	3.46E-06	-7.84E-07	-7.84E-07
12	12	156	7.80E-07	-1.35E-06	-1.35E-06
12	12	168	1.23E-06	1.43E-06	1.43E-06
12	12	180	3.64E-06	7.65E-07	7.65E-07
12	12	192	4.48E-06	3.84E-12	3.84E-12
12	24	-192	1.90E-06	1.18E-06	1.18E-06
12	24	-180	3.25E-06	4.10E-07	4.10E-07
12	24	-168	3.25E-06	-4.10E-07	-4.10E-07
12	24	-156	1.90E-06	-1.18E-06	-1.18E-06
12	24	-144	-1.24E-06	-1.75E-06	-1.75E-06
12	24	-132	1.33E-06	1.38E-06	1.38E-06
12	24	-120	3.02E-06	5.84E-07	5.84E-07
12	24	-108	3.19E-06	-2.92E-07	-2.92E-07
12	24	-96	2.04E-06	-1.13E-06	-1.13E-06
12	24	-84	-6.76E-07	-1.79E-06	-1.79E-06
12	24	-72	7.44E-07	1.58E-06	1.58E-06
12	24	-60	2.71E-06	7.72E-07	7.72E-07
12	24	-48	3.13E-06	-1.55E-07	-1.55E-07
12	24	-36	2.18E-06	-1.06E-06	-1.06E-06
12	24	-24	-1.86E-07	-1.82E-06	-1.82E-06
12	24	-12	1.76E-07	1.80E-06	1.80E-06
12	24	0	2.30E-06	9.71E-07	9.71E-07
12	24	12	3.06E-06	7.55E-12	7.55E-12
12	24	24	2.30E-06	-9.71E-07	-9.71E-07
12	24	36	1.75E-07	-1.80E-06	-1.80E-06
12	24	48	-3.88E-07	2.01E-06	2.01E-06
12	24	60	1.89E-06	1.17E-06	1.17E-06
12	24	72	2.81E-06	1.72E-07	1.72E-07
12	24	84	2.40E-06	-8.53E-07	-8.53E-07
12	24	96	5.06E-07	-1.75E-06	-1.75E-06
12	24	108	-1.03E-06	2.18E-06	2.18E-06
12	24	120	1.48E-06	1.37E-06	1.37E-06
12	24	132	2.55E-06	3.55E-07	3.55E-07
12	24	144	2.39E-06	-7.11E-07	-7.11E-07
12	24	156	8.13E-07	-1.68E-06	-1.68E-06
12	24	168	-1.90E-06	-1.88E-06	-1.88E-06
12	24	180	7.14E-07	-1.31E-06	-1.31E-06
12	24	192	1.90E-06	-4.58E-07	-4.58E-07
24	-12	-192	-1.19E-06	3.19E-12	3.19E-12
24	-12	-180	-1.22E-06	1.83E-08	1.83E-08
24	-12	-168	-1.29E-06	4.46E-08	4.46E-08
24	-12	-156	-1.30E-06	-5.35E-08	-5.35E-08
24	-12	-144	-1.23E-06	-2.39E-08	-2.39E-08
24	-12	-132	-1.19E-06	-3.11E-09	-3.11E-09
24	-12	-120	-1.21E-06	1.59E-08	1.59E-08
24	-12	-108	-1.27E-06	4.26E-08	4.26E-08
24	-12	-96	-1.27E-06	6.20E-08	6.20E-08
24	-12	-84	-1.21E-06	2.99E-08	2.99E-08
24	-12	-72	-1.18E-06	6.84E-09	6.84E-09
24	-12	-60	-1.19E-06	-1.37E-08	-1.37E-08
24	-12	-48	-1.23E-06	-3.94E-08	-3.94E-08
24	-12	-36	-1.29E-06	6.39E-08	6.39E-08
24	-12	-24	-1.23E-06	3.16E-08	3.16E-08
24	-12	-12	-1.19E-06	9.47E-09	9.47E-09
24	-12	0	-1.19E-06	-9.46E-09	-9.46E-09
24	-12	12	-1.23E-06	-3.16E-08	-3.16E-08
24	-12	24	-1.29E-06	-6.39E-08	-6.39E-08
24	-12	36	-1.24E-06	3.37E-08	3.37E-08
24	-12	48	-1.19E-06	1.16E-08	1.16E-08
24	-12	60	-1.19E-06	-5.80E-09	-5.80E-09
24	-12	72	-1.22E-06	-2.55E-08	-2.55E-08
24	-12	84	-1.28E-06	-5.35E-08	-5.35E-08
24	-12	96	-1.26E-06	3.54E-08	3.54E-08
24	-12	108	-1.20E-06	1.36E-08	1.36E-08
24	-12	120	-1.19E-06	-2.65E-09	-2.65E-09
24	-12	132	-1.22E-06	-2.02E-08	-2.02E-08
24	-12	144	-1.28E-06	-4.42E-08	-4.42E-08
24	-12	156	-1.27E-06	3.63E-08	3.63E-08
24	-12	168	-1.21E-06	1.53E-08	1.53E-08
24	-12	180	-1.18E-06	4.82E-12	4.82E-12
24	-12	192	-1.21E-06	-1.53E-08	-1.53E-08
24	0	-192	-1.18E-06	6.48E-09	6.48E-09
24	0	-180	-1.18E-06	-6.48E-09	-6.48E-09
24	0	-168	-1.22E-06	-2.13E-08	-2.13E-08
24	0	-156	-1.28E-06	-4.22E-08	-4.22E-08
24	0	-144	-1.23E-06	2.18E-08	2.18E-08
24	0	-132	-1.19E-06	7.67E-09	7.67E-09
24	0	-120	-1.18E-06	-3.83E-09	-3.83E-09
24	0	-108	-1.22E-06	-1.66E-08	-1.66E-08
24	0	-96	-1.27E-06	-3.40E-08	-3.40E-08
24	0	-84	-1.24E-06	2.16E-08	2.16E-08
24	0	-72	-1.19E-06	8.50E-09	8.50E-09
24	0	-60	-1.18E-06	-1.67E-09	-1.67E-09
24	0	-48	-1.21E-06	-1.25E-08	-1.25E-08
24	0	-36	-1.26E-06	-2.68E-08	-2.68E-08
24	0	-24	-1.26E-06	2.07E-08	2.07E-08
24	0	-12	-1.20E-06	8.98E-09	8.98E-09
24	0	0	-1.18E-06	3.94E-12	3.94E-12
24	0	12	-1.20E-06	-8.97E-09	-8.97E-09
24	0	24	-1.26E-06	-2.07E-08	-2.07E-08
24	0	36	-1.27E-06	1.91E-08	1.91E-08
24	0	48	-1.21E-06	8.88E-09	8.88E-09
24	0	60	-1.18E-06	1.19E-09	1.19E-09
24	0	72	-1.20E-06	-6.01E-09	-6.01E-09
24	0	84	-1.25E-06	-1.54E-08	-1.54E-08
24	0	96	-1.28E-06	1.69E-08	1.69E-08
24	0	108	-1.22E-06	8.23E-09	8.23E-09
24	0	120	-1.19E-06	1.89E-09	1.89E-09
24	0	132	-1.19E-06	-3.77E-09	-3.77E-09
24	0	144	-1.24E-06	-1.08E-08	-1.08E-08
24	0	156	-1.29E-06	1.40E-08	1.40E-08
24	0	168	-1.23E-06	7.03E-09	7.03E-09
24	0	180	-1.19E-06	2.12E-09	2.12E-09
24	0	192	-1.19E-06	-2.12E-09	-2.12E-09
24	12	-192	-1.19E-06	1.51E-09	1.51E-09
24	12	-180	-1.16E-06	2.53E-12	2.53E-12
24	12	-168	-1.19E-06	-1.50E-09	-1.50E-09
24	12	-156	-1.23E-06	-3.44E-09	-3.44E-09
24	12	-144	-1.24E-06	1.41E-12	1.41E-12
24	12	-132	-1.19E-06	2.33E-12	2.33E-12
24	12	-120	-1.17E-06	2.24E-12	2.24E-12
24	12	-108	-1.18E-06	2.00E-12	2.00E-12
24	12	-96	-1.23E-06	2.29E-12	2.29E-12
24	12	-84	-1.25E-06	-4.22E-09	-4.22E-09
24	12	-72	-1.20E-06	-2.08E-09	-2.08E-09
24	12	-60	-1.17E-06	-4.78E-10	-4.78E-10
24	12	-48	-1.17E-06	9.63E-10	9.63E-10
24	12	-36	-1.22E-06	2.72E-09	2.72E-09
24	12	-24	-1.26E-06	-9.30E-09	-9.30E-09
24	12	-12	-1.21E-06	-4.73E-09	-4.73E-09
24	12	0	-1.17E-06	-1.44E-09	-1.44E-09
24	12	12	-1.17E-06	1.44E-09	1.44E-09
24	12	24	-1.21E-06	4.73E-09	4.73E-09
24	12	36	-1.26E-06	9.30E-09	9.30E-09
24	12	48	-1.21E-06	-8.15E-09	-8.15E-09
24	12	60	-1.17E-06	-2.88E-09	-2.88E-09
24	12	72	-1.17E-06	1.44E-09	1.44E-09
24	12	84	-1.20E-06	6.24E-09	6.24E-09
24	12	96	-1.25E-06	1.27E-08	1.27E-08
24	12	108	-1.22E-06	-1.23E-08	-1.23E-08
24	12	120	-1.18E-06	-4.88E-09	-4.88E-09
24	12	132	-1.16E-06	9.62E-10	9.62E-10
24	12	144	-1.19E-06	7.17E-09	7.17E-09
24	12	156	-1.24E-06	1.52E-08	1.52E-08
24	12	168	-1.23E-06	-1.72E-08	-1.72E-08
24	12	180	-1.18E-06	-7.55E-09	-7.55E-09
24	12	192	-1.16E-06	1.61E-12	1.61E-12
-24	-12	-192	-1.16E-06	4.17E-12	4.17E-12
-24	-12	-180	-1.18E-06	-7.54E-09	-7.54E-09
-24	-12	-168	-1.23E-06	-1.72E-08	-1.72E-08
-24	-12	-156	-1.24E-06	1.52E-08	1.52E-08
-24	-12	-144	-1.19E-06	7.17E-09	7.17E-09
-24	-12	-132	-1.16E-06	9.64E-10	9.64E-10
-24	-12	-120	-1.18E-06	-4.88E-09	-4.88E-09
-24	-12	-108	-1.22E-06	-1.23E-08	-1.23E-08
-24	-12	-96	-1.25E-06	1.27E-08	1.27E-08
-24	-12	-84	-1.20E-06	6.24E-09	6.24E-09
-24	-12	-72	-1.17E-06	1.44E-09	1.44E-09
-24	-12	-60	-1.17E-06	-2.88E-09	-2.88E-09
-24	-12	-48	-1.21E-06	-8.15E-09	-8.15E-09
-24	-12	-36	-1.26E-06	9.30E-09	9.30E-09
-24	-12	-24	-1.21E-06	4.73E-09	4.73E-09
-24	-12	-12	-1.17E-06	1.44E-09	1.44E-09
-24	-12	0	-1.17E-06	-1.44E-09	-1.44E-09
-24	-12	12	-1.21E-06	-4.72E-09	-4.72E-09
-24	-12	24	-1.26E-06	-9.30E-09	-9.30E-09
-24	-12	36	-1.22E-06	2.72E-09	2.72E-09
-24	-12	48	-1.17E-06	9.63E-10	9.63E-10
-24	-12	60	-1.17E-06	-4.77E-10	-4.77E-10
-24	-12	72	-1.20E-06	-2.07E-09	-2.07E-09
-24	-12	84	-1.25E-06	-4.22E-09	-4.22E-09
-24	-12	96	-1.23E-06	1.74E-12	1.74E-12
-24	-12	108	-1.18E-06	2.30E-12	2.30E-12
-24	-12	120	-1.17E-06	2.77E-12	2.77E-12
-24	-12	132	-1.19E-06	3.71E-12	3.71E-12
-24	-12	144	-1.24E-06	4.40E-12	4.40E-12
-24	-12	156	-1.23E-06	-3.44E-09	-3.44E-09
-24	-12	168	-1.19E-06	-1.50E-09	-1.50E-09
-24	-12	180	-1.16E-06	2.68E-12	2.68E-12
-24	-12	192	-1.19E-06	1.51E-09	1.51E-09
-24	0	-192	-1.19E-06	-2.12E-09	-2.12E-09
-24	0	-180	-1.19E-06	2.12E-09	2.12E-09
-24	0	-168	-1.23E-06	7.03E-09	7.03E-09
-24	0	-156	-1.29E-06	1.40E-08	1.40E-08
-24	0	-144	-1.24E-06	-1.08E-08	-1.08E-08
-24	0	-132	-1.19E-06	-3.77E-09	-3.77E-09
-24	0	-120	-1.19E-06	1.89E-09	1.89E-09
-24	0	-108	-1.22E-06	8.23E-09	8.23E-09
-24	0	-96	-1.28E-06	1.69E-08	1.69E-08
-24	0	-84	-1.25E-06	-1.54E-08	-1.54E-08
-24	0	-72	-1.20E-06	-6.01E-09	-6.01E-09
-24	0	-60	-1.18E-06	1.18E-09	1.18E-09
-24	0	-48	-1.21E-06	8.88E-09	8.88E-09
-24	0	-36	-1.27E-06	1.91E-08	1.91E-08
-24	0	-24	-1.26E-06	-2.07E-08	-2.07E-08
-24	0	-12	-1.20E-06	-8.97E-09	-8.97E-09
-24	0	0	-1.18E-06	3.11E-12	3.11E-12
-24	0	12	-1.20E-06	8.98E-09	8.98E-09
-24	0	24	-1.26E-06	2.07E-08	2.07E-08
-24	0	36	-1.26E-06	-2.68E-08	-2.68E-08
-24	0	48	-1.21E-06	-1.25E-08	-1.25E-08
-24	0	60	-1.18E-06	-1.67E-09	-1.67E-09
-24	0	72	-1.19E-06	8.50E-09	8.50E-09
-24	0	84	-1.24E-06	2.16E-08	2.16E-08
-24	0	96	-1.27E-06	-3.40E-08	-3.40E-08
-24	0	108	-1.22E-06	-1.66E-08	-1.66E-08
-24	0	120	-1.18E-06	-3.83E-09	-3.83E-09
-24	0	132	-1.19E-06	7.67E-09	7.67E-09
-24	0	144	-1.23E-06	2.18E-08	2.18E-08
-24	0	156	-1.28E-06	-4.22E-08	-4.22E-08
-24	0	168	-1.22E-06	-2.13E-08	-2.13E-08
-24	0	180	-1.18E-06	-6.48E-09	-6.48E-09
-24	0	192	-1.18E-06	6.48E-09	6.48E-09
-24	12	-192	-1.21E-06	-1.53E-08	-1.53E-08
-24	12	-180	-1.18E-06	3.27E-12	3.27E-12
-24	12	-168	-1.21E-06	1.53E-08	1.53E-08
-24	12	-156	-1.27E-06	3.63E-08	3.63E-08
-24	12	-144	-1.28E-06	-4.42E-08	-4.42E-08
-24	12	-132	-1.22E-06	-2.02E-08	-2.02E-08
-24	12	-120	-1.19E-06	-2.65E-09	-2.65E-09
-24	12	-108	-1.20E-06	1.36E-08	1.36E-08
-24	12	-96	-1.26E-06	3.54E-08	3.54E-08
-24	12	-84	-1.28E-06	-5.35E-08	-5.35E-08
-24	12	-72	-1.22E-06	-2.55E-08	-2.55E-08
-24	12	-60	-1.19E-06	-5.80E-09	-5.80E-09
-24	12	-48	-1.19E-06	1.16E-08	1.16E-08
-24	12	-36	-1.24E-06	3.37E-08	3.37E-08
-24	12	-24	-1.29E-06	-6.39E-08	-6.39E-08
-24	12	-12	-1.23E-06	-3.16E-08	-3.16E-08
-24	12	0	-1.19E-06	-9.47E-09	-9.47E-09
-24	12	12	-1.19E-06	9.47E-09	9.47E-09
-24	12	24	-1.23E-06	3.16E-08	3.16E-08
-24	12	36	-1.29E-06	6.39E-08	6.39E-08
-24	12	48	-1.23E-06	-3.94E-08	-3.94E-08
-24	12	60	-1.19E-06	-1.37E-08	-1.37E-08
-24	12	72	-1.18E-06	6.83E-09	6.83E-09
-24	12	84	-1.21E-06	2.99E-08	2.99E-08
-24	12	96	-1.27E-06	6.20E-08	6.20E-08
-24	12	108	-1.27E-06	4.26E-08	4.26E-08
-24	12	120	-1.21E-06	1.59E-08	1.59E-08
-24	12	132	-1.19E-06	-3.10E-09	-3.10E-09
-24	12	144	-1.23E-06	-2.39E-08	-2.39E-08
-24	12	156	-1.30E-06	-5.35E-08	-5.35E-08
-24	12	168	-1.29E-06	4.46E-08	4.46E-08
-24	12	180	-1.22E-06	1.83E-08	1.83E-08
-24	12	192	-1.19E-06	7.45E-12	7.45E-12
-12	-24	-192	1.90E-06	-4.58E-07	-4.58E-07
-12	-24	-180	7.14E-07	-1.31E-06	-1.31E-06
-12	-24	-168	-1.90E-06	-1.88E-06	-1.88E-06
-12	-24	-156	8.13E-07	-1.68E-06	-1.68E-06
-12	-24	-144	2.39E-06	-7.11E-07	-7.11E-07
-12	-24	-132	2.55E-06	3.55E-07	3.55E-07
-12	-24	-120	1.48E-06	1.37E-06	1.37E-06
-12	-24	-108	-1.03E-06	2.18E-06	2.18E-06
-12	-24	-96	5.06E-07	-1.75E-06	-1.75E-06
-12	-24	-84	2.40E-06	-8.53E-07	-8.53E-07
-12	-24	-72	2.81E-06	1.72E-07	1.72E-07
-12	-24	-60	1.89E-06	1.17E-06	1.17E-06
-12	-24	-48	-3.88E-07	2.01E-06	2.01E-06
-12	-24	-36	1.75E-07	-1.80E-06	-1.80E-06
-12	-24	-24	2.30E-06	-9.71E-07	-9.71E-07
-12	-24	-12	3.06E-06	1.43E-12	1.43E-12
-12	-24	0	2.30E-06	9.71E-07	9.71E-07
-12	-24	12	1.75E-07	1.80E-06	1.80E-06
-12	-24	24	-1.86E-07	-1.82E-06	-1.82E-06
-12	-24	36	2.18E-06	-1.06E-06	-1.06E-06
-12	-24	48	3.13E-06	-1.55E-07	-1.55E-07
-12	-24	60	2.71E-06	7.72E-07	7.72E-07
-12	-24	72	7.44E-07	1.58E-06	1.58E-06
-12	-24	84	-6.76E-07	-1.79E-06	-1.79E-06
-12	-24	96	2.04E-06	-1.13E-06	-1.13E-06
-12	-24	108	3.19E-06	-2.92E-07	-2.92E-07
-12	-24	120	3.02E-06	5.84E-07	5.84E-07
-12	-24	132	1.33E-06	1.38E-06	1.38E-06
-12	-24	144	-1.24E-06	-1.75E-06	-1.75E-06
-12	-24	156	1.90E-06	-1.18E-06	-1.18E-06
-12	-24	168	3.25E-06	-4.10E-07	-4.10E-07
-12	-24	180	3.25E-06	4.10E-07	4.10E-07
-12	-24	192	1.90E-06	1.18E-06	1.18E-06
-12	-12	-192	4.48E-06	4.60E-12	4.60E-12
-12	-12	-180	3.64E-06	7.65E-07	7.65E-07
-12	-12	-168	1.23E-06	1.43E-06	1.43E-06
-12	-12	-156	7.80E-07	-1.35E-06	-1.35E-06
-12	-12	-144	3.46E-06	-7.84E-07	-7.84E-07
-12	-12	-132	4.50E-06	-1.15E-07	-1.15E-07
-12	-12	-120	4.04E-06	5.70E-07	5.70E-07
-12	-12	-108	1.84E-06	1.18E-06	1.18E-06
-12	-12	-96	1.70E-07	-1.24E-06	-1.24E-06
-12	-12	-84	3.27E-06	-7.74E-07	-7.74E-07
-12	-12	-72	4.52E-06	-1.99E-07	-1.99E-07
-12	-12	-60	4.33E-06	3.98E-07	3.98E-07
-12	-12	-48	2.47E-06	9.45E-07	9.45E-07
-12	-12	-36	-5.22E-07	-1.09E-06	-1.09E-06
-12	-12	-24	3.07E-06	-7.35E-07	-7.35E-07
-12	-12	-12	4.54E-06	-2.54E-07	-2.54E-07
-12	-12	0	4.54E-06	2.54E-07	2.54E-07
-12	-12	12	3.07E-06	7.35E-07	7.35E-07
-12	-12	24	-5.22E-07	1.09E-06	1.09E-06
-12	-12	36	2.62E-06	-6.47E-07	-6.47E-07
-12	-12	48	4.51E-06	-2.74E-07	-2.74E-07
-12	-12	60	4.70E-06	1.37E-07	1.37E-07
-12	-12	72	3.43E-06	5.31E-07	5.31E-07
-12	-12	84	2.76E-07	8.43E-07	8.43E-07
-12	-12	96	2.10E-06	-5.24E-07	-5.24E-07
-12	-12	108	4.37E-06	-2.55E-07	-2.55E-07
-12	-12	120	4.84E-06	5.13E-08	5.13E-08
-12	-12	132	3.77E-06	3.50E-07	3.50E-07
-12	-12	144	1.00E-06	6.01E-07	6.01E-07
-12	-12	156	1.58E-06	-3.75E-07	-3.75E-07
-12	-12	168	4.11E-06	-2.02E-07	-2.02E-07
-12	-12	180	4.97E-06	1.53E-12	1.53E-12
-12	-12	192	4.11E-06	2.02E-07	2.02E-07
-12	0	-192	5.55E-06	1.20E-12	1.20E-12
-12	0	-180	5.55E-06	-6.71E-13	-6.71E-13
-12	0	-168	4.01E-06	-2.00E-12	-2.00E-12
-12	0	-156	-2.00E-06	-3.22E-12	-3.22E-12
-12	0	-144	3.42E-06	1.83E-07	1.83E-07
-12	0	-132	5.41E-06	7.67E-08	7.67E-08
-12	0	-120	5.60E-06	-3.84E-08	-3.84E-08
-12	0	-108	4.28E-06	-1.49E-07	-1.49E-07
-12	0	-96	9.01E-07	-2.40E-07	-2.40E-07
-12	0	-84	2.80E-06	3.95E-07	3.95E-07
-12	0	-72	5.17E-06	1.91E-07	1.91E-07
-12	0	-60	5.65E-06	-3.84E-08	-3.84E-08
-12	0	-48	4.55E-06	-2.63E-07	-2.63E-07
-12	0	-36	1.63E-06	-4.55E-07	-4.55E-07
-12	0	-24	2.19E-06	6.38E-07	6.38E-07
-12	0	-12	4.82E-06	3.40E-07	3.40E-07
-12	0	0	5.70E-06	-4.43E-12	-4.43E-12
-12	0	12	4.82E-06	-3.40E-07	-3.40E-07
-12	0	24	2.19E-06	-6.38E-07	-6.38E-07
-12	0	36	1.57E-06	9.10E-07	9.10E-07
-12	0	48	4.47E-06	5.26E-07	5.26E-07
-12	0	60	5.56E-06	7.67E-08	7.67E-08
-12	0	72	5.09E-06	-3.82E-07	-3.82E-07
-12	0	84	2.73E-06	-7.91E-07	-7.91E-07
-12	0	96	7.74E-07	1.19E-06	1.19E-06
-12	0	108	4.09E-06	7.40E-07	7.40E-07
-12	0	120	5.39E-06	1.90E-07	1.90E-07
-12	0	132	5.20E-06	-3.80E-07	-3.80E-07
-12	0	144	3.24E-06	-9.06E-07	-9.06E-07
-12	0	156	-1.11E-07	1.48E-06	1.48E-06
-12	0	168	3.66E-06	9.78E-07	9.78E-07
-12	0	180	5.17E-06	3.35E-07	3.35E-07
-12	0	192	5.17E-06	-3.35E-07	-3.35E-07
-12	12	-192	5.03E-06	9.58E-07	9.58E-07
-12	12	-180	5.92E-06	-3.05E-12	-3.05E-12
-12	12	-168	5.03E-06	-9.58E-07	-9.58E-07
-12	12	-156	2.38E-06	-1.82E-06	-1.82E-06
-12	12	-144	1.70E-06	2.19E-06	2.19E-06
-12	12	-132	4.59E-06	1.24E-06	1.24E-06
-12	12	-120	5.68E-06	1.80E-07	1.80E-07
-12	12	-108	5.21E-06	-8.97E-07	-8.97E-07
-12	12	-96	2.85E-06	-1.89E-06	-1.89E-06
-12	12	-84	8.01E-07	2.51E-06	2.51E-06
-12	12	-72	4.09E-06	1.53E-06	1.53E-06
-12	12	-60	5.38E-06	3.88E-07	3.88E-07
-12	12	-48	5.19E-06	-7.77E-07	-7.77E-07
-12	12	-36	3.25E-06	-1.88E-06	-1.88E-06
-12	12	-24	-1.43E-07	2.83E-06	2.83E-06
-12	12	-12	3.59E-06	1.83E-06	1.83E-06
-12	12	0	5.08E-06	6.23E-07	6.23E-07
-12	12	12	5.08E-06	-6.23E-07	-6.23E-07
-12	12	24	3.59E-06	-1.83E-06	-1.83E-06
-12	12	36	-1.43E-07	-2.83E-06	-2.83E-06
-12	12	48	2.88E-06	2.14E-06	2.14E-06
-12	12	60	4.78E-06	8.85E-07	8.85E-07
-12	12	72	4.96E-06	-4.42E-07	-4.42E-07
-12	12	84	3.69E-06	-1.74E-06	-1.74E-06
-12	12	96	5.04E-07	-2.87E-06	-2.87E-06
-12	12	108	2.14E-06	2.47E-06	2.47E-06
-12	12	120	4.39E-06	1.17E-06	1.17E-06
-12	12	132	4.85E-06	-2.35E-07	-2.35E-07
-12	12	144	3.79E-06	-1.62E-06	-1.62E-06
-12	12	156	1.05E-06	-2.87E-06	-2.87E-06
-12	12	168	1.41E-06	2.79E-06	2.79E-06
-12	12	180	3.86E-06	1.45E-06	1.45E-06
-12	12	192	4.70E-06	-4.33E-12	-4.33E-12
-12	24	-192	3.77E-06	-2.69E-06	-2.69E-06
-12	24	-180	5.32E-06	-9.10E-07	-9.10E-07
-12	24	-168	5.32E-06	9.10E-07	9.10E-07
-12	24	-156	3.77E-06	2.69E-06	2.69E-06
-12	24	-144	-1.27E-07	4.25E-06	4.25E-06
-12	24	-132	3.49E-06	-2.87E-06	-2.87E-06
-12	24	-120	5.51E-06	-1.17E-06	-1.17E-06
-12	24	-108	5.71E-06	5.86E-07	5.86E-07
-12	24	-96	4.37E-06	2.32E-06	2.32E-06
-12	24	-84	9.34E-07	3.89E-06	3.89E-06
-12	24	-72	3.15E-06	-3.00E-06	-3.00E-06
-12	24	-60	5.60E-06	-1.40E-06	-1.40E-06
-12	24	-48	6.09E-06	2.81E-07	2.81E-07
-12	24	-36	4.96E-06	1.95E-06	1.95E-06
-12	24	-24	1.94E-06	3.51E-06	3.51E-06
-12	24	-12	2.76E-06	-3.06E-06	-3.06E-06
-12	24	0	5.53E-06	-1.58E-06	-1.58E-06
-12	24	12	6.44E-06	5.60E-13	5.60E-13
-12	24	24	5.53E-06	1.58E-06	1.58E-06
-12	24	36	2.76E-06	3.06E-06	3.06E-06
-12	24	48	2.36E-06	-3.09E-06	-3.09E-06
-12	24	60	5.45E-06	-1.73E-06	-1.73E-06
-12	24	72	6.60E-06	-2.49E-07	-2.49E-07
-12	24	84	6.10E-06	1.24E-06	1.24E-06
-12	24	96	3.60E-06	2.65E-06	2.65E-06
-12	24	108	1.73E-06	-3.06E-06	-3.06E-06
-12	24	120	5.37E-06	-1.84E-06	-1.84E-06
-12	24	132	6.75E-06	-4.65E-07	-4.65E-07
-12	24	144	6.55E-06	9.30E-07	9.30E-07
-12	24	156	4.45E-06	2.27E-06	2.27E-06
-12	24	168	9.74E-07	-2.98E-06	-2.98E-06
-12	24	180	5.27E-06	-1.91E-06	-1.91E-06
-12	24	192	6.89E-06	-6.46E-07	-6.46E-07
0	-24	-192	4.67E-05	-4.79E-06	-4.79E-06
0	-24	-180	5.40E-05	-1.56E-05	-1.56E-05
0	-24	-168	7.29E-05	-3.10E-05	-3.10E-05
0	-24	-156	5.45E-05	1.94E-05	1.94E-05
0	-24	-144	4.56E-05	6.84E-06	6.84E-06
0	-24	-132	4.47E-05	-3.42E-06	-3.42E-06
0	-24	-120	5.06E-05	-1.48E-05	-1.48E-05
0	-24	-108	6.61E-05	-3.05E-05	-3.05E-05
0	-24	-96	5.45E-05	2.34E-05	2.34E-05
0	-24	-84	4.46E-05	9.14E-06	9.14E-06
0	-24	-72	4.26E-05	-1.80E-06	-1.80E-06
0	-24	-60	4.72E-05	-1.34E-05	-1.34E-05
0	-24	-48	5.94E-05	-2.91E-05	-2.91E-05
0	-24	-36	5.39E-05	2.76E-05	2.76E-05
0	-24	-24	4.38E-05	1.18E-05	1.18E-05
0	-24	-12	4.21E-05	4.02E-06	4.02E-06
0	-24	0	4.38E-05	-1.18E-05	-1.18E-05
0	-24	12	5.39E-05	-2.76E-05	-2.76E-05
0	-24	24	5.68E-05	-3.10E-05	-3.10E-05
0	-24	36	4.56E-05	-1.42E-05	-1.42E-05
0	-24	48	4.13E-05	-1.90E-06	-1.90E-06
0	-24	60	4.32E-05	9.64E-06	9.64E-06
0	-24	72	5.23E-05	2.48E-05	2.48E-05
0	-24	84	6.35E-05	-3.28E-05	-3.28E-05
0	-24	96	4.91E-05	-1.57E-05	-1.57E-05
0	-24	108	4.35E-05	-3.63E-06	-3.63E-06
0	-24	120	4.43E-05	7.27E-06	7.27E-06
0	-24	132	5.27E-05	2.07E-05	2.07E-05
0	-24	144	7.09E-05	-3.41E-05	-3.41E-05
0	-24	156	5.27E-05	-1.70E-05	-1.70E-05
0	-24	168	4.57E-05	-5.18E-06	-5.18E-06
0	-24	180	4.57E-05	5.18E-06	5.18E-06
0	-24	192	5.27E-05	1.70E-05	1.70E-05
0	-12	-192	4.78E-05	6.84E-12	6.84E-12
0	-12	-180	5.24E-05	9.45E-06	9.45E-06
0	-12	-168	6.61E-05	2.13E-05	2.13E-05
0	-12	-156	7.16E-05	-2.14E-05	-2.14E-05
0	-12	-144	5.59E-05	-1.03E-05	-1.03E-05
0	-12	-132	4.98E-05	-1.40E-06	-1.40E-06
0	-12	-120	5.25E-05	7.10E-06	7.10E-06
0	-12	-108	6.53E-05	1.74E-05	1.74E-05
0	-12	-96	7.82E-05	-2.10E-05	-2.10E-05
0	-12	-84	5.93E-05	-1.09E-05	-1.09E-05
0	-12	-72	5.18E-05	-2.57E-06	-2.57E-06
0	-12	-60	5.29E-05	5.13E-06	5.13E-06
0	-12	-48	6.41E-05	1.40E-05	1.40E-05
0	-12	-36	8.42E-05	-2.02E-05	-2.02E-05
0	-12	-24	6.23E-05	-1.09E-05	-1.09E-05
0	-12	-12	5.34E-05	-3.43E-06	-3.43E-06
0	-12	0	5.34E-05	3.43E-06	3.43E-06
0	-12	12	6.23E-05	1.09E-05	1.09E-05
0	-12	24	8.42E-05	2.02E-05	2.02E-05
0	-12	36	6.66E-05	-1.09E-05	-1.09E-05
0	-12	48	5.49E-05	-4.02E-06	-4.02E-06
0	-12	60	5.38E-05	2.01E-06	2.01E-06
0	-12	72	6.16E-05	8.45E-06	8.45E-06
0	-12	84	8.09E-05	1.61E-05	1.61E-05
0	-12	96	7.12E-05	-1.04E-05	-1.04E-05
0	-12	108	5.71E-05	-4.37E-06	-4.37E-06
0	-12	120	5.42E-05	8.66E-07	8.66E-07
0	-12	132	6.09E-05	6.29E-06	6.29E-06
0	-12	144	7.80E-05	1.26E-05	1.26E-05
0	-12	156	7.59E-05	-9.48E-06	-9.48E-06
0	-12	168	6.01E-05	-4.46E-06	-4.46E-06
0	-12	180	5.45E-05	-4.55E-12	-4.55E-12
0	-12	192	6.01E-05	4.46E-06	4.46E-06
0	0	-192	5.80E-05	-1.33E-06	-1.33E-06
0	0	-180	5.80E-05	1.33E-06	1.33E-06
0	0	-168	6.77E-05	4.15E-06	4.15E-06
0	0	-156	9.03E-05	7.28E-06	7.28E-06
0	0	-144	7.14E-05	-3.11E-06	-3.11E-06
0	0	-132	5.89E-05	-1.18E-06	-1.18E-06
0	0	-120	5.77E-05	5.89E-07	5.89E-07
0	0	-108	6.61E-05	2.45E-06	2.45E-06
0	0	-96	8.61E-05	4.50E-06	4.50E-06
0	0	-84	7.52E-05	-1.73E-06	-1.73E-06
0	0	-72	6.05E-05	-7.42E-07	-7.42E-07
0	0	-60	5.74E-05	1.47E-07	1.47E-07
0	0	-48	6.45E-05	1.06E-06	1.06E-06
0	0	-36	8.22E-05	2.08E-06	2.08E-06
0	0	-24	7.91E-05	-5.76E-13	-5.76E-13
0	0	-12	6.29E-05	-2.75E-12	-2.75E-12
0	0	0	5.70E-05	-7.04E-12	-7.04E-12
0	0	12	6.29E-05	-3.84E-12	-3.84E-12
0	0	24	7.91E-05	1.39E-12	1.39E-12
0	0	36	8.22E-05	2.08E-06	2.08E-06
0	0	48	6.45E-05	1.06E-06	1.06E-06
0	0	60	5.74E-05	1.47E-07	1.47E-07
0	0	72	6.05E-05	-7.42E-07	-7.42E-07
0	0	84	7.52E-05	-1.73E-06	-1.73E-06
0	0	96	8.61E-05	4.50E-06	4.50E-06
0	0	108	6.61E-05	2.45E-06	2.45E-06
0	0	120	5.77E-05	5.89E-07	5.89E-07
0	0	132	5.89E-05	-1.18E-06	-1.18E-06
0	0	144	7.14E-05	-3.11E-06	-3.11E-06
0	0	156	9.03E-05	7.28E-06	7.28E-06
0	0	168	6.77E-05	4.15E-06	4.15E-06
0	0	180	5.80E-05	1.33E-06	1.33E-06
0	0	192	5.80E-05	-1.33E-06	-1.33E-06
0	12	-192	6.01E-05	4.46E-06	4.46E-06
0	12	-180	5.45E-05	1.11E-12	1.11E-12
0	12	-168	6.01E-05	-4.46E-06	-4.46E-06
0	12	-156	7.59E-05	-9.48E-06	-9.48E-06
0	12	-144	7.80E-05	1.26E-05	1.26E-05
0	12	-132	6.09E-05	6.29E-06	6.29E-06
0	12	-120	5.42E-05	8.66E-07	8.66E-07
0	12	-108	5.71E-05	-4.37E-06	-4.37E-06
0	12	-96	7.12E-05	-1.04E-05	-1.04E-05
0	12	-84	8.09E-05	1.61E-05	1.61E-05
0	12	-72	6.16E-05	8.45E-06	8.45E-06
0	12	-60	5.38E-05	2.01E-06	2.01E-06
0	12	-48	5.49E-05	-4.02E-06	-4.02E-06
0	12	-36	6.66E-05	-1.09E-05	-1.09E-05
0	12	-24	8.42E-05	2.02E-05	2.02E-05
0	12	-12	6.23E-05	1.09E-05	1.09E-05
0	12	0	5.34E-05	3.43E-06	3.43E-06
0	12	12	5.34E-05	-3.43E-06	-3.43E-06
0	12	24	6.23E-05	-1.09E-05	-1.09E-05
0	12	36	8.42E-05	-2.02E-05	-2.02E-05
0	12	48	6.41E-05	1.40E-05	1.40E-05
0	12	60	5.29E-05	5.13E-06	5.13E-06
0	12	72	5.18E-05	-2.57E-06	-2.57E-06
0	12	84	5.93E-05	-1.09E-05	-1.09E-05
0	12	96	7.82E-05	-2.10E-05	-2.10E-05
0	12	108	6.53E-05	1.74E-05	1.74E-05
0	12	120	5.25E-05	7.10E-06	7.10E-06
0	12	132	4.98E-05	-1.40E-06	-1.40E-06
0	12	144	5.59E-05	-1.03E-05	-1.03E-05
0	12	156	7.16E-05	-2.14E-05	-2.14E-05
0	12	168	6.61E-05	2.13E-05	2.13E-05
0	12	180	5.24E-05	9.45E-06	9.45E-06
0	12	192	4.78E-05	1.54E-12	1.54E-12
0	24	-192	5.27E-05	1.70E-05	1.70E-05
0	24	-180	4.57E-05	5.18E-06	5.18E-06
0	24	-168	4.57E-05	-5.18E-06	-5.18E-06
0	24	-156	5.27E-05	-1.70E-05	-1.70E-05
0	24	-144	7.09E-05	-3.41E-05	-3.41E-05
0	24	-132	5.27E-05	2.07E-05	2.07E-05
0	24	-120	4.43E-05	7.27E-06	7.27E-06
0	24	-108	4.35E-05	-3.63E-06	-3.63E-06
0	24	-96	4.91E-05	-1.57E-05	-1.57E-05
0	24	-84	6.35E-05	-3.28E-05	-3.28E-05
0	24	-72	5.23E-05	2.48E-05	2.48E-05
0	24	-60	4.32E-05	9.64E-06	9.64E-06
0	24	-48	4.13E-05	-1.90E-06	-1.90E-06
0	24	-36	4.56E-05	-1.42E-05	-1.42E-05
0	24	-24	5.68E-05	-3.10E-05	-3.10E-05
0	24	-12	5.39E-05	-2.76E-05	-2.76E-05
0	24	0	4.38E-05	-1.18E-05	-1.18E-05
0	24	12	4.21E-05	-4.22E-06	-4.22E-06
0	24	24	4.38E-05	1.18E-05	1.18E-05
0	24	36	5.39E-05	2.76E-05	2.76E-05
0	24	48	5.94E-05	-2.91E-05	-2.91E-05
0	24	60	4.72E-05	-1.34E-05	-1.34E-05
0	24	72	4.26E-05	-1.80E-06	-1.80E-06
0	24	84	4.46E-05	9.14E-06	9.14E-06
0	24	96	5.45E-05	2.34E-05	2.34E-05
0	24	108	6.61E-05	-3.05E-05	-3.05E-05
0	24	120	5.06E-05	-1.48E-05	-1.48E-05
0	24	132	4.47E-05	-3.42E-06	-3.42E-06
0	24	144	4.56E-05	6.84E-06	6.84E-06
0	24	156	5.45E-05	1.94E-05	1.94E-05
0	24	168	7.29E-05	-3.10E-05	-3.10E-05
0	24	180	5.40E-05	-1.56E-05	-1.56E-05
0	24	192	4.67E-05	-4.79E-06	-4.79E-06
12	-24	-192	6.89E-06	-6.46E-07	-6.46E-07
12	-24	-180	5.27E-06	-1.91E-06	-1.91E-06
12	-24	-168	9.74E-07	-2.98E-06	-2.98E-06
12	-24	-156	4.45E-06	2.27E-06	2.27E-06
12	-24	-144	6.55E-06	9.30E-07	9.30E-07
12	-24	-132	6.75E-06	-4.65E-07	-4.65E-07
12	-24	-120	5.37E-06	-1.84E-06	-1.84E-06
12	-24	-108	1.73E-06	-3.06E-06	-3.06E-06
12	-24	-96	3.60E-06	2.65E-06	2.65E-06
12	-24	-84	6.10E-06	1.24E-06	1.24E-06
12	-24	-72	6.60E-06	-2.49E-07	-2.49E-07
12	-24	-60	5.45E-06	-1.73E-06	-1.73E-06
12	-24	-48	2.36E-06	-3.09E-06	-3.09E-06
12	-24	-36	2.76E-06	3.06E-06	3.06E-06
12	-24	-24	5.53E-06	1.58E-06	1.58E-06
12	-24	-12	6.44E-06	5.61E-12	5.61E-12
12	-24	0	5.53E-06	-1.58E-06	-1.58E-06
12	-24	12	2.76E-06	-3.06E-06	-3.06E-06
12	-24	24	1.94E-06	3.51E-06	3.51E-06
12	-24	36	4.96E-06	1.95E-06	1.95E-06
12	-24	48	6.09E-06	2.81E-07	2.81E-07
12	-24	60	5.60E-06	-1.40E-06	-1.40E-06
12	-24	72	3.15E-06	-3.00E-06	-3.00E-06
12	-24	84	9.34E-07	3.89E-06	3.89E-06
12	-24	96	4.37E-06	2.32E-06	2.32E-06
12	-24	108	5.71E-06	5.86E-07	5.86E-07
12	-24	120	5.51E-06	-1.17E-06	-1.17E-06
12	-24	132	3.49E-06	-2.87E-06	-2.87E-06
12	-24	144	-1.27E-07	4.25E-06	4.25E-06
12	-24	156	3.77E-06	2.69E-06	2.69E-06
12	-24	168	5.32E-06	9.10E-07	9.10E-07
12	-24	180	5.32E-06	-9.10E-07	-9.10E-07
12	-24	192	3.77E-06	-2.69E-06	-2.69E-06
12	-12	-192	4.70E-06	4.81E-12	4.81E-12
12	-12	-180	3.86E-06	1.45E-06	1.45E-06
12	-12	-168	1.41E-06	2.79E-06	2.79E-06
12	-12	-156	1.05E-06	-2.87E-06	-2.87E-06
12	-12	-144	3.79E-06	-1.62E-06	-1.62E-06
12	-12	-132	4.85E-06	-2.35E-07	-2.35E-07
12	-12	-120	4.39E-06	1.17E-06	1.17E-06
12	-12	-108	2.14E-06	2.47E-06	2.47E-06
12	-12	-96	5.04E-07	-2.87E-06	-2.87E-06
12	-12	-84	3.69E-06	-1.74E-06	-1.74E-06
12	-12	-72	4.96E-06	-4.42E-07	-4.42E-07
12	-12	-60	4.78E-06	8.85E-07	8.85E-07
12	-12	-48	2.88E-06	2.14E-06	2.14E-06
12	-12	-36	-1.43E-07	-2.83E-06	-2.83E-06
12	-12	-24	3.59E-06	-1.83E-06	-1.83E-06
12	-12	-12	5.08E-06	-6.23E-07	-6.23E-07
12	-12	0	5.08E-06	6.23E-07	6.23E-07
12	-12	12	3.59E-06	1.83E-06	1.83E-06
12	-12	24	-1.43E-07	2.83E-06	2.83E-06
12	-12	36	3.25E-06	-1.88E-06	-1.88E-06
12	-12	48	5.19E-06	-7.77E-07	-7.77E-07
12	-12	60	5.38E-06	3.88E-07	3.88E-07
12	-12	72	4.09E-06	1.53E-06	1.53E-06
12	-12	84	8.01E-07	2.51E-06	2.51E-06
12	-12	96	2.85E-06	-1.89E-06	-1.89E-06
12	-12	108	5.21E-06	-8.97E-07	-8.97E-07
12	-12	120	5.68E-06	1.80E-07	1.80E-07
12	-12	132	4.59E-06	1.24E-06	1.24E-06
12	-12	144	1.70E-06	2.19E-06	2.19E-06
12	-12	156	2.38E-06	-1.82E-06	-1.82E-06
12	-12	168	5.03E-06	-9.58E-07	-9.58E-07
12	-12	180	5.92E-06	2.31E-12	2.31E-12
12	-12	192	5.03E-06	9.58E-07	9.58E-07
12	0	-192	5.17E-06	-3.35E-07	-3.35E-07
12	0	-180	5.17E-06	3.35E-07	3.35E-07
12	0	-168	3.66E-06	9.78E-07	9.78E-07
12	0	-156	-1.11E-07	1.48E-06	1.48E-06
12	0	-144	3.24E-06	-9.06E-07	-9.06E-07
12	0	-132	5.20E-06	-3.80E-07	-3.80E-07
12	0	-120	5.39E-06	1.90E-07	1.90E-07
12	0	-108	4.09E-06	7.40E-07	7.40E-07
12	0	-96	7.74E-07	1.19E-06	1.19E-06
12	0	-84	2.73E-06	-7.91E-07	-7.91E-07
12	0	-72	5.09E-06	-3.82E-07	-3.82E-07
12	0	-60	5.56E-06	7.67E-08	7.67E-08
12	0	-48	4.47E-06	5.26E-07	5.26E-07
12	0	-36	1.57E-06	9.10E-07	9.10E-07
12	0	-24	2.19E-06	-6.38E-07	-6.38E-07
12	0	-12	4.82E-06	-3.40E-07	-3.40E-07
12	0	0	5.70E-06	5.35E-12	5.35E-12
12	0	12	4.82E-06	3.40E-07	3.40E-07
12	0	24	2.19E-06	6.38E-07	6.38E-07
12	0	36	1.63E-06	-4.55E-07	-4.55E-07
12	0	48	4.55E-06	-2.63E-07	-2.63E-07
12	0	60	5.65E-06	-3.84E-08	-3.84E-08
12	0	72	5.17E-06	1.91E-07	1.91E-07
12	0	84	2.80E-06	3.95E-07	3.95E-07
12	0	96	9.01E-07	-2.40E-07	-2.40E-07
12	0	108	4.28E-06	-1.49E-07	-1.49E-07
12	0	120	5.60E-06	-3.84E-08	-3.84E-08
12	0	132	5.41E-06	7.67E-08	7.67E-08
12	0	144	3.42E-06	1.83E-07	1.83E-07
12	0	156	1.31E-06	4.09E-12	4.09E-12
12	0	168	4.01E-06	4.23E-12	4.23E-12
12	0	180	5.55E-06	4.52E-12	4.52E-12
12	0	192	5.55E-06	6.21E-12	6.21E-12
12	12	-192	4.11E-06	2.02E-07	2.02E-07
12	12	-180	4.97E-06	6.75E-12	6.75E-12
12	12	-168	4.11E-06	-2.02E-07	-2.02E-07
12	12	-156	1.58E-06	-3.75E-07	-3.75E-07
12	12	-144	1.00E-06	6.01E-07	6.01E-07
12	12	-132	3.77E-06	3.50E-07	3.50E-07
12	12	-120	4.84E-06	5.13E-08	5.13E-08
12	12	-108	4.37E-06	-2.55E-07	-2.55E-07
12	12	-96	2.10E-06	-5.24E-07	-5.24E-07
12	12	-84	2.76E-07	8.43E-07	8.43E-07
12	12	-72	3.43E-06	5.31E-07	5.31E-07
12	12	-60	4.70E-06	1.37E-07	1.37E-07
12	12	-48	4.51E-06	-2.74E-07	-2.74E-07
12	12	-36	2.62E-06	-6.47E-07	-6.47E-07
12	12	-24	-5.22E-07	1.09E-06	1.09E-06
12	12	-12	3.07E-06	7.35E-07	7.35E-07
12	12	0	4.54E-06	2.54E-07	2.54E-07
12	12	12	4.54E-06	-2.54E-07	-2.54E-07
12	12	24	3.07E-06	-7.35E-07	-7.35E-07
12	12	36	-5.22E-07	-1.09E-06	-1.09E-06
12	12	48	2.47E-06	9.45E-07	9.45E-07
12	12	60	4.33E-06	3.98E-07	3.98E-07
12	12	72	4.52E-06	-1.99E-07	-1.99E-07
12	12	84	3.27E-06	-7.74E-07	-7.74E-07
12	12	96	1.70E-07	-1.24E-06	-1.24E-06
12	12	108	1.84E-06	1.18E-06	1.18E-06
12	12	120	4.04E-06	5.70E-07	5.70E-07
12	12	132	4.50E-06	-1.15E-07	-1.15E-07
12	12	144	3.46E-06	-7.84E-07	-7.84E-07
12	12	156	7.80E-07	-1.35E-06	-1.35E-06
12	12	168	1.23E-06	1.43E-06	1.43E-06
12	12	180	3.64E-06	7.65E-07	7.65E-07
12	12	192	4.48E-06	3.84E-12	3.84E-12
12	24	-192	1.90E-06	1.18E-06	1.18E-06
12	24	-180	3.25E-06	4.10E-07	4.10E-07
12	24	-168	3.25E-06	-4.10E-07	-4.10E-07
12	24	-156	1.90E-06	-1.18E-06	-1.18E-06
12	24	-144	-1.24E-06	-1.75E-06	-1.75E-06
12	24	-132	1.33E-06	1.38E-06	1.38E-06
12	24	-120	3.02E-06	5.84E-07	5.84E-07
12	24	-108	3.19E-06	-2.92E-07	-2.92E-07
12	24	-96	2.04E-06	-1.13E-06	-1.13E-06
12	24	-84	-6.76E-07	-1.79E-06	-1.79E-06
12	24	-72	7.44E-07	1.58E-06	1.58E-06
12	24	-60	2.71E-06	7.72E-07	7.72E-07
12	24	-48	3.13E-06	-1.55E-07	-1.55E-07
12	24	-36	2.18E-06	-1.06E-06	-1.06E-06
12	24	-24	-1.86E-07	-1.82E-06	-1.82E-06
12	24	-12	1.76E-07	1.80E-06	1.80E-06
12	24	0	2.30E-06	9.71E-07	9.71E-07
12	24	12	3.06E-06	7.55E-12	7.55E-12
12	24	24	2.30E-06	-9.71E-07	-9.71E-07
12	24	36	1.75E-07	-1.80E-06	-1.80E-06
12	24	48	-3.88E-07	2.01E-06	2.01E-06
12	24	60	1.89E-06	1.17E-06	1.17E-06
12	24	72	2.81E-06	1.72E-07	1.72E-07
12	24	84	2.40E-06	-8.53E-07	-8.53E-07
12	24	96	5.06E-07	-1.75E-06	-1.75E-06
12	24	108	-1.03E-06	2.18E-06	2.18E-06
12	24	120	1.48E-06	1.37E-06	1.37E-06
12	24	132	2.55E-06	3.55E-07	3.55E-07
12	24	144	2.39E-06	-7.11E-07	-7.11E-07
12	24	156	8.13E-07	-1.68E-06	-1.68E-06
12	24	168	-1.90E-06	-1.88E-06	-1.88E-06
12	24	180	7.14E-07	-1.31E-06	-1.31E-06
12	24	192	1.90E-06	-4.58E-07	-4.58E-07
24	-12	-192	-1.19E-06	3.19E-12	3.19E-12
24	-12	-180	-1.22E-06	1.83E-08	1.83E-08
24	-12	-168	-1.29E-06	4.46E-08	4.46E-08
24	-12	-156	-1.30E-06	-5.35E-08	-5.35E-08
24	-12	-144	-1.23E-06	-2.39E-08	-2.39E-08
24	-12	-132	-1.19E-06	-3.11E-09	-3.11E-09
24	-12	-120	-1.21E-06	1.59E-08	1.59E-08
24	-12	-108	-1.27E-06	4.26E-08	4.26E-08
24	-12	-96	-1.27E-06	6.20E-08	6.20E-08
24	-12	-84	-1.21E-06	2.99E-08	2.99E-08
24	-12	-72	-1.18E-06	6.84E-09	6.84E-09
24	-12	-60	-1.19E-06	-1.37E-08	-1.37E-08
24	-12	-48	-1.23E-06	-3.94E-08	-3.94E-08
24	-12	-36	-1.29E-06	6.39E-08	6.39E-08
24	-12	-24	-1.23E-06	3.16E-08	3.16E-08
24	-12	-12	-1.19E-06	9.47E-09	9.47E-09
24	-12	0	-1.19E-06	-9.46E-09	-9.46E-09
24	-12	12	-1.23E-06	-3.16E-08	-3.16E-08
24	-12	24	-1.29E-06	-6.39E-08	-6.39E-08
24	-12	36	-1.24E-06	3.37E-08	3.37E-08
24	-12	48	-1.19E-06	1.16E-08	1.16E-08
24	-12	60	-1.19E-06	-5.80E-09	-5.80E-09
24	-12	72	-1.22E-06	-2.55E-08	-2.55E-08
24	-12	84	-1.28E-06	-5.35E-08	-5.35E-08
24	-12	96	-1.26E-06	3.54E-08	3.54E-08
24	-12	108	-1.20E-06	1.36E-08	1.36E-08
24	-12	120	-1.19E-06	-2.65E-09	-2.65E-09
24	-12	132	-1.22E-06	-2.02E-08	-2.02E-08
24	-12	144	-1.28E-06	-4.42E-08	-4.42E-08
24	-12	156	-1.27E-06	3.63E-08	3.63E-08
24	-12	168	-1.21E-06	1.53E-08	1.53E-08
24	-12	180	-1.18E-06	4.82E-12	4.82E-12
24	-12	192	-1.21E-06	-1.53E-08	-1.53E-08
24	0	-192	-1.18E-06	6.48E-09	6.48E-09
24	0	-180	-1.18E-06	-6.48E-09	-6.48E-09
24	0	-168	-1.22E-06	-2.13E-08	-2.13E-08
24	0	-156	-1.28E-06	-4.22E-08	-4.22E-08
24	0	-144	-1.23E-06	2.18E-08	2.18E-08
24	0	-132	-1.19E-06	7.67E-09	7.67E-09
24	0	-120	-1.18E-06	-3.83E-09	-3.83E-09
24	0	-108	-1.22E-06	-1.66E-08	-1.66E-08
24	0	-96	-1.27E-06	-3.40E-08	-3.40E-08
24	0	-84	-1.24E-06	2.16E-08	2.16E-08
24	0	-72	-1.19E-06	8.50E-09	8.50E-09
24	0	-60	-1.18E-06	-1.67E-09	-1.67E-09
24	0	-48	-1.21E-06	-1.25E-08	-1.25E-08
24	0	-36	-1.26E-06	-2.68E-08	-2.68E-08
24	0	-24	-1.26E-06	2.07E-08	2.07E-08
24	0	-12	-1.20E-06	8.98E-09	8.98E-09
24	0	0	-1.18E-06	3.94E-12	3.94E-12
24	0	12	-1.20E-06	-8.97E-09	-8.97E-09
24	0	24	-1.26E-06	-2.07E-08	-2.07E-08
24	0	36	-1.27E-06	1.91E-08	1.91E-08
24	0	48	-1.21E-06	8.88E-09	8.88E-09
24	0	60	-1.18E-06	1.19E-09	1.19E-09
24	0	72	-1.20E-06	-6.01E-09	-6.01E-09
24	0	84	-1.25E-06	-1.54E-08	-1.54E-08
24	0	96	-1.28E-06	1.69E-08	1.69E-08
24	0	108	-1.22E-06	8.23E-09	8.23E-09
24	0	120	-1.19E-06	1.89E-09	1.89E-09
24	0	132	-1.19E-06	-3.77E-09	-3.77E-09
24	0	144	-1.24E-06	-1.08E-08	-1.08E-08
24	0	156	-1.29E-06	1.40E-08	1.40E-08
24	0	168	-1.23E-06	7.03E-09	7.03E-09
24	0	180	-1.19E-06	2.12E-09	2.12E-09
24	0	192	-1.19E-06	-2.12E-09	-2.12E-09
24	12	-192	-1.19E-06	1.51E-09	1.51E-09
24	12	-180	-1.16E-06	2.53E-12	2.53E-12
24	12	-168	-1.19E-06	-1.50E-09	-1.50E-09
24	12	-156	-1.23E-06	-3.44E-09	-3.44E-09
24	12	-144	-1.24E-06	1.41E-12	1.41E-12
24	12	-132	-1.19E-06	2.33E-12	2.33E-12
24	12	-120	-1.17E-06	2.24E-12	2.24E-12
24	12	-108	-1.18E-06	2.00E-12	2.00E-12
24	12	-96	-1.23E-06	2.29E-12	2.29E-12
24	12	-84	-1.25E-06	-4.22E-09	-4.22E-09
24	12	-72	-1.20E-06	-2.08E-09	-2.08E-09
24	12	-60	-1.17E-06	-4.78E-10	-4.78E-10
24	12	-48	-1.17E-06	9.63E-10	9.63E-10
24	12	-36	-1.22E-06	2.72E-09	2.72E-09
24	12	-24	-1.26E-06	-9.30E-09	-9.30E-09
24	12	-12	-1.21E-06	-4.73E-09	-4.73E-09
24	12	0	-1.17E-06	-1.44E-09	-1.44E-09
24	12	12	-1.17E-06	1.44E-09	1.44E-09
24	12	24	-1.21E-06	4.73E-09	4.73E-09
24	12	36	-1.26E-06	9.30E-09	9.30E-09
24	12	48	-1.21E-06	-8.15E-09	-8.15E-09
24	12	60	-1.17E-06	-2.88E-09	-2.88E-09
24	12	72	-1.17E-06	1.44E-09	1.44E-09
24	12	84	-1.20E-06	6.24E-09	6.24E-09
24	12	96	-1.25E-06	1.27E-08	1.27E-08
24	12	108	-1.22E-06	-1.23E-08	-1.23E-08
24	12	120	-1.18E-06	-4.88E-09	-4.88E-09
24	12	132	-1.16E-06	9.62E-10	9.62E-10
24	12	144	-1.19E-06	7.17E-09	7.17E-09
24	12	156	-1.24E-06	1.52E-08	1.52E-08
24	12	168	-1.23E-06	-1.72E-08	-1.72E-08
24	12	180	-1.18E-06	-7.55E-09	-7.55E-09
24	12	192	-1.16E-06	1.61E-12	1.61E-12
-24	-12	-192	-1.16E-06	4.17E-12	4.17E-12
-24	-12	-180	-1.18E-06	-7.54E-09	-7.54E-09
-24	-12	-168	-1.23E-06	-1.72E-08	-1.72E-08
-24	-12	-156	-1.24E-06	1.52E-08	1.52E-08
-24	-12	-144	-1.19E-06	7.17E-09	7.17E-09
-24	-12	-132	-1.16E-06	9.64E-10	9.64E-10
-24	-12	-120	-1.18E-06	-4.88E-09	-4.88E-09
-24	-12	-108	-1.22E-06	-1.23E-08	-1.23E-08
-24	-12	-96	-1.25E-06	1.27E-08	1.27E-08
-24	-12	-84	-1.20E-06	6.24E-09	6.24E-09
-24	-12	-72	-1.17E-06	1.44E-09	1.44E-09
-24	-12	-60	-1.17E-06	-2.88E-09	-2.88E-09
-24	-12	-48	-1.21E-06	-8.15E-09	-8.15E-09
-24	-12	-36	-1.26E-06	9.30E-09	9.30E-09
-24	-12	-24	-1.21E-06	4.73E-09	4.73E-09
-24	-12	-12	-1.17E-06	1.44E-09	1.44E-09
-24	-12	0	-1.17E-06	-1.44E-09	-1.44E-09
-24	-12	12	-1.21E-06	-4.72E-09	-4.72E-09
-24	-12	24	-1.26E-06	-9.30E-09	-9.30E-09
-24	-12	36	-1.22E-06	2.72E-09	2.72E-09
-24	-12	48	-1.17E-06	9.63E-10	9.63E-10
-24	-12	60	-1.17E-06	-4.77E-10	-4.77E-10
-24	-12	72	-1.20E-06	-2.07E-09	-2.07E-09
-24	-12	84	-1.25E-06	-4.22E-09	-4.22E-09
-24	-12	96	-1.23E-06	1.74E-12	1.74E-12
-24	-12	108	-1.18E-06	2.30E-12	2.30E-12
-24	-12	120	-1.17E-06	2.77E-12	2.77E-12
-24	-12	132	-1.19E-06	3.71E-12	3.71E-12
-24	-12	144	-1.24E-06	4.40E-12	4.40E-12
-24	-12	156	-1.23E-06	-3.44E-09	-3.44E-09
-24	-12	168	-1.19E-06	-1.50E-09	-1.50E-09
-24	-12	180	-1.16E-06	2.68E-12	2.68E-12
-24	-12	192	-1.19E-06	1.51E-09	1.51E-09
-24	0	-192	-1.19E-06	-2.12E-09	-2.12E-09
-24	0	-180	-1.19E-06	2.12E-09	2.12E-09
-24	0	-168	-1.23E-06	7.03E-09	7.03E-09
-24	0	-156	-1.29E-06	1.40E-08	1.40E-08
-24	0	-144	-1.24E-06	-1.08E-08	-1.08E-08
-24	0	-132	-1.19E-06	-3.77E-09	-3.77E-09
-24	0	-120	-1.19E-06	1.89E-09	1.89E-09
-24	0	-108	-1.22E-06	8.23E-09	8.23E-09
-24	0	-96	-1.28E-06	1.69E-08	1.69E-08
-24	0	-84	-1.25E-06	-1.54E-08	-1.54E-08
-24	0	-72	-1.20E-06	-6.01E-09	-6.01E-09
-24	0	-60	-1.18E-06	1.18E-09	1.18E-09
-24	0	-48	-1.21E-06	8.88E-09	8.88E-09
-24	0	-36	-1.27E-06	1.91E-08	1.91E-08
-24	0	-24	-1.26E-06	-2.07E-08	-2.07E-08
-24	0	-12	-1.20E-06	-8.97E-09	-8.97E-09
-24	0	0	-1.18E-06	3.11E-12	3.11E-12
-24	0	12	-1.20E-06	8.98E-09	8.98E-09
-24	0	24	-1.26E-06	2.07E-08	2.07E-08
-24	0	36	-1.26E-06	-2.68E-08	-2.68E-08
-24	0	48	-1.21E-06	-1.25E-08	-1.25E-08
-24	0	60	-1.18E-06	-1.67E-09	-1.67E-09
-24	0	72	-1.19E-06	8.50E-09	8.50E-09
-24	0	84	-1.24E-06	2.16E-08	2.16E-08
-24	0	96	-1.27E-06	-3.40E-08	-3.40E-08
-24	0	108	-1.22E-06	-1.66E-08	-1.66E-08
-24	0	120	-1.18E-06	-3.83E-09	-3.83E-09
-24	0	132	-1.19E-06	7.67E-09	7.67E-09
-24	0	144	-1.23E-06	2.18E-08	2.18E-08
-24	0	156	-1.28E-06	-4.22E-08	-4.22E-08
-24	0	168	-1.22E-06	-2.13E-08	-2.13E-08
-24	0	180	-1.18E-06	-6.48E-09	-6.48E-09
-24	0	192	-1.18E-06	6.48E-09	6.48E-09
-24	12	-192	-1.21E-06	-1.53E-08	-1.53E-08
-24	12	-180	-1.18E-06	3.27E-12	3.27E-12
-24	12	-168	-1.21E-06	1.53E-08	1.53E-08
-24	12	-156	-1.27E-06	3.63E-08	3.63E-08
-24	12	-144	-1.28E-06	-4.42E-08	-4.42E-08
-24	12	-132	-1.22E-06	-2.02E-08	-2.02E-08
-24	12	-120	-1.19E-06	-2.65E-09	-2.65E-09
-24	12	-108	-1.20E-06	1.36E-08	1.36E-08
-24	12	-96	-1.26E-06	3.54E-08	3.54E-08
-24	12	-84	-1.28E-06	-5.35E-08	-5.35E-08
-24	12	-72	-1.22E-06	-2.55E-08	-2.55E-08
-24	12	-60	-1.19E-06	-5.80E-09	-5.80E-09
-24	12	-48	-1.19E-06	1.16E-08	1.16E-08
-24	12	-36	-1.24E-06	3.37E-08	3.37E-08
-24	12	-24	-1.29E-06	-6.39E-08	-6.39E-08
-24	12	-12	-1.23E-06	-3.16E-08	-3.16E-08
-24	12	0	-1.19E-06	-9.47E-09	-9.47E-09
-24	12	12	-1.19E-06	9.47E-09	9.47E-09
-24	12	24	-1.23E-06	3.16E-08	3.16E-08
-24	12	36	-1.29E-06	6.39E-08	6.39E-08
-24	12	48	-1.23E-06	-3.94E-08	-3.94E-08
-24	12	60	-1.19E-06	-1.37E-08	-1.37E-08
-24	12	72	-1.18E-06	6.83E-09	6.83E-09
-24	12	84	-1.21E-06	2.99E-08	2.99E-08
-24	12	96	-1.27E-06	6.20E-08	6.20E-08
-24	12	108	-1.27E-06	4.26E-08	4.26E-08
-24	12	120	-1.21E-06	1.59E-08	1.59E-08
-24	12	132	-1.19E-06	-3.10E-09	-3.10E-09
-24	12	144	-1.23E-06	-2.39E-08	-2.39E-08
-24	12	156	-1.30E-06	-5.35E-08	-5.35E-08
-24	12	168	-1.29E-06	4.46E-08	4.46E-08
-24	12	180	-1.22E-06	1.83E-08	1.83E-08
-24	12	192	-1.19E-06	7.45E-12	7.45E-12
-12	-24	-192	1.90E-06	-4.58E-07	-4.58E-07
-12	-24	-180	7.14E-07	-1.31E-06	-1.31E-06
-12	-24	-168	-1.90E-06	-1.88E-06	-1.88E-06
-12	-24	-156	8.13E-07	-1.68E-06	-1.68E-06
-12	-24	-144	2.39E-06	-7.11E-07	-7.11E-07
-12	-24	-132	2.55E-06	3.55E-07	3.55E-07
-12	-24	-120	1.48E-06	1.37E-06	1.37E-06
-12	-24	-108	-1.03E-06	2.18E-06	2.18E-06
-12	-24	-96	5.06E-07	-1.75E-06	-1.75E-06
-12	-24	-84	2.40E-06	-8.53E-07	-8.53E-07
-12	-24	-72	2.81E-06	1.72E-07	1.72E-07
-12	-24	-60	1.89E-06	1.17E-06	1.17E-06
-12	-24	-48	-3.88E-07	2.01E-06	2.01E-06
-12	-24	-36	1.75E-07	-1.80E-06	-1.80E-06
-12	-24	-24	2.30E-06	-9.71E-07	-9.71E-07
-12	-24	-12	3.06E-06	1.43E-12	1.43E-12
-12	-24	0	2.30E-06	9.71E-07	9.71E-07
-12	-24	12	1.75E-07	1.80E-06	1.80E-06
-12	-24	24	-1.86E-07	-1.82E-06	-1.82E-06
-12	-24	36	2.18E-06	-1.06E-06	-1.06E-06
-12	-24	48	3.13E-06	-1.55E-07	-1.55E-07
-12	-24	60	2.71E-06	7.72E-07	7.72E-07
-12	-24	72	7.44E-07	1.58E-06	1.58E-06
-12	-24	84	-6.76E-07	-1.79E-06	-1.79E-06
-12	-24	96	2.04E-06	-1.13E-06	-1.13E-06
-12	-24	108	3.19E-06	-2.92E-07	-2.92E-07
-12	-24	120	3.02E-06	5.84E-07	5.84E-07
-12	-24	132	1.33E-06	1.38E-06	1.38E-06
-12	-24	144	-1.24E-06	-1.75E-06	-1.75E-06
-12	-24	156	1.90E-06	-1.18E-06	-1.18E-06
-12	-24	168	3.25E-06	-4.10E-07	-4.10E-07
-12	-24	180	3.25E-06	4.10E-07	4.10E-07
-12	-24	192	1.90E-06	1.18E-06	1.18E-06
-12	-12	-192	4.48E-06	4.60E-12	4.60E-12
-12	-12	-180	3.64E-06	7.65E-07	7.65E-07
-12	-12	-168	1.23E-06	1.43E-06	1.43E-06
-12	-12	-156	7.80E-07	-1.35E-06	-1.35E-06
-12	-12	-144	3.46E-06	-7.84E-07	-7.84E-07
-12	-12	-132	4.50E-06	-1.15E-07	-1.15E-07
-12	-12	-120	4.04E-06	5.70E-07	5.70E-07
-12	-12	-108	1.84E-06	1.18E-06	1.18E-06
-12	-12	-96	1.70E-07	-1.24E-06	-1.24E-06
-12	-12	-84	3.27E-06	-7.74E-07	-7.74E-07
-12	-12	-72	4.52E-06	-1.99E-07	-1.99E-07
-12	-12	-60	4.33E-06	3.98E-07	3.98E-07
-12	-12	-48	2.47E-06	9.45E-07	9.45E-07
-12	-12	-36	-5.22E-07	-1.09E-06	-1.09E-06
-12	-12	-24	3.07E-06	-7.35E-07	-7.35E-07
-12	-12	-12	4.54E-06	-2.54E-07	-2.54E-07
-12	-12	0	4.54E-06	2.54E-07	2.54E-07
-12	-12	12	3.07E-06	7.35E-07	7.35E-07
-12	-12	24	-5.22E-07	1.09E-06	1.09E-06
-12	-12	36	2.62E-06	-6.47E-07	-6.47E-07
-12	-12	48	4.51E-06	-2.74E-07	-2.74E-07
-12	-12	60	4.70E-06	1.37E-07	1.37E-07
-12	-12	72	3.43E-06	5.31E-07	5.31E-07
-12	-12	84	2.76E-07	8.43E-07	8.43E-07
-12	-12	96	2.10E-06	-5.24E-07	-5.24E-07
-12	-12	108	4.37E-06	-2.55E-07	-2.55E-07
-12	-12	120	4.84E-06	5.13E-08	5.13E-08
-12	-12	132	3.77E-06	3.50E-07	3.50E-07
-12	-12	144	1.00E-06	6.01E-07	6.01E-07
-12	-12	156	1.58E-06	-3.75E-07	-3.75E-07
-12	-12	168	4.11E-06	-2.02E-07	-2.02E-07
-12	-12	180	4.97E-06	1.53E-12	1.53E-12
-12	-12	192	4.11E-06	2.02E-07	2.02E-07
-12	0	-192	5.55E-06	1.20E-12	1.20E-12
-12	0	-180	5.55E-06	-6.71E-13	-6.71E-13
-12	0	-168	4.01E-06	-2.00E-12	-2.00E-12
-12	0	-156	-2.00E-06	-3.22E-12	-3.22E-12
-12	0	-144	3.42E-06	1.83E-07	1.83E-07
-12	0	-132	5.41E-06	7.67E-08	7.67E-08
-12	0	-120	5.60E-06	-3.84E-08	-3.84E-08
-12	0	-108	4.28E-06	-1.49E-07	-1.49E-07
-12	0	-96	9.01E-07	-2.40E-07	-2.40E-07
-12	0	-84	2.80E-06	3.95E-07	3.95E-07
-12	0	-72	5.17E-06	1.91E-07	1.91E-07
-12	0	-60	5.65E-06	-3.84E-08	-3.84E-08
-12	0	-48	4.55E-06	-2.63E-07	-2.63E-07
-12	0	-36	1.63E-06	-4.55E-07	-4.55E-07
-12	0	-24	2.19E-06	6.38E-07	6.38E-07
-12	0	-12	4.82E-06	3.40E-07	3.40E-07
-12	0	0	5.70E-06	-4.43E-12	-4.43E-12
-12	0	12	4.82E-06	-3.40E-07	-3.40E-07
-12	0	24	2.19E-06	-6.38E-07	-6.38E-07
-12	0	36	1.57E-06	9.10E-07	9.10E-07
-12	0	48	4.47E-06	5.26E-07	5.26E-07
-12	0	60	5.56E-06	7.67E-08	7.67E-08
-12	0	72	5.09E-06	-3.82E-07	-3.82E-07
-12	0	84	2.73E-06	-7.91E-07	-7.91E-07
-12	0	96	7.74E-07	1.19E-06	1.19E-06
-12	0	108	4.09E-06	7.40E-07	7.40E-07
-12	0	120	5.39E-06	1.90E-07	1.90E-07
-12	0	132	5.20E-06	-3.80E-07	-3.80E-07
-12	0	144	3.24E-06	-9.06E-07	-9.06E-07
-12	0	156	-1.11E-07	1.48E-06	1.48E-06
-12	0	168	3.66E-06	9.78E-07	9.78E-07
-12	0	180	5.17E-06	3.35E-07	3.35E-07
-12	0	192	5.17E-06	-3.35E-07	-3.35E-07
-12	12	-192	5.03E-06	9.58E-07	9.58E-07
-12	12	-180	5.92E-06	-3.05E-12	-3.05E-12
-12	12	-168	5.03E-06	-9.58E-07	-9.58E-07
-12	12	-156	2.38E-06	-1.82E-06	-1.82E-06
-12	12	-144	1.70E-06	2.19E-06	2.19E-06
-12	12	-132	4.59E-06	1.24E-06	1.24E-06
-12	12	-120	5.68E-06	1.80E-07	1.80E-07
-12	12	-108	5.21E-06	-8.97E-07	-8.97E-07
-12	12	-96	2.85E-06	-1.89E-06	-1.89E-06
-12	12	-84	8.01E-07	2.51E-06	2.51E-06
-12	12	-72	4.09E-06	1.53E-06	1.53E-06
-12	12	-60	5.38E-06	3.88E-07	3.88E-07
-12	12	-48	5.19E-06	-7.77E-07	-7.77E-07
-12	12	-36	3.25E-06	-1.88E-06	-1.88E-06
-12	12	-24	-1.43E-07	2.83E-06	2.83E-06
-12	12	-12	3.59E-06	1.83E-06	1.83E-06
-12	12	0	5.08E-06	6.23E-07	6.23E-07
-12	12	12	5.08E-06	-6.23E-07	-6.23E-07
-12	12	24	3.59E-06	-1.83E-06	-1.83E-06
-12	12	36	-1.43E-07	-2.83E-06	-2.83E-06
-12	12	48	2.88E-06	2.14E-06	2.14E-06
-12	12	60	4.78E-06	8.85E-07	8.85E-07
-12	12	72	4.96E-06	-4.42E-07	-4.42E-07
-12	12	84	3.69E-06	-1.74E-06	-1.74E-06
-12	12	96	5.04E-07	-2.87E-06	-2.87E-06
-12	12	108	2.14E-06	2.47E-06	2.47E-06
-12	12	120	4.39E-06	1.17E-06	1.17E-06
-12	12	132	4.85E-06	-2.35E-07	-2.35E-07
-12	12	144	3.79E-06	-1.62E-06	-1.62E-06
-12	12	156	1.05E-06	-2.87E-06	-2.87E-06
-12	12	168	1.41E-06	2.79E-06	2.79E-06
-12	12	180	3.86E-06	1.45E-06	1.45E-06
-12	12	192	4.70E-06	-4.33E-12	-4.33E-12
-12	24	-192	3.77E-06	-2.69E-06	-2.69E-06
-12	24	-180	5.32E-06	-9.10E-07	-9.10E-07
-12	24	-168	5.32E-06	9.10E-07	9.10E-07
-12	24	-156	3.77E-06	2.69E-06	2.69E-06
-12	24	-144	-1.27E-07	4.25E-06	4.25E-06
-12	24	-132	3.49E-06	-2.87E-06	-2.87E-06
-12	24	-120	5.51E-06	-1.17E-06	-1.17E-06
-12	24	-108	5.71E-06	5.86E-07	5.86E-07
-12	24	-96	4.37E-06	2.32E-06	2.32E-06
-12	24	-84	9.34E-07	3.89E-06	3.89E-06
-12	24	-72	3.15E-06	-3.00E-06	-3.00E-06
-12	24	-60	5.60E-06	-1.40E-06	-1.40E-06
-12	24	-48	6.09E-06	2.81E-07	2.81E-07
-12	24	-36	4.96E-06	1.95E-06	1.95E-06
-12	24	-24	1.94E-06	3.51E-06	3.51E-06
-12	24	-12	2.76E-06	-3.06E-06	-3.06E-06
-12	24	0	5.53E-06	-1.58E-06	-1.58E-06
-12	24	12	6.44E-06	5.60E-13	5.60E-13
-12	24	24	5.53E-06	1.58E-06	1.58E-06
-12	24	36	2.76E-06	3.06E-06	3.06E-06
-12	24	48	2.36E-06	-3.09E-06	-3.09E-06
-12	24	60	5.45E-06	-1.73E-06	-1.73E-06
-12	24	72	6.60E-06	-2.49E-07	-2.49E-07
-12	24	84	6.10E-06	1.24E-06	1.24E-06
-12	24	96	3.60E-06	2.65E-06	2.65E-06
-12	24	108	1.73E-06	-3.06E-06	-3.06E-06
-12	24	120	5.37E-06	-1.84E-06	-1.84E-06
-12	24	132	6.75E-06	-4.65E-07	-4.65E-07
-12	24	144	6.55E-06	9.30E-07	9.30E-07
-12	24	156	4.45E-06	2.27E-06	2.27E-06
-12	24	168	9.74E-07	-2.98E-06	-2.98E-06
-12	24	180	5.27E-06	-1.91E-06	-1.91E-06
-12	24	192	6.89E-06	-6.46E-07	-6.46E-07
0	-24	-192	4.67E-05	-4.79E-06	-4.79E-06
0	-24	-180	5.40E-05	-1.56E-05	-1.56E-05
0	-24	-168	7.29E-05	-3.10E-05	-3.10E-05
0	-24	-156	5.45E-05	1.94E-05	1.94E-05
0	-24	-144	4.56E-05	6.84E-06	6.84E-06
0	-24	-132	4.47E-05	-3.42E-06	-3.42E-06
0	-24	-120	5.06E-05	-1.48E-05	-1.48E-05
0	-24	-108	6.61E-05	-3.05E-05	-3.05E-05
0	-24	-96	5.45E-05	2.34E-05	2.34E-05
0	-24	-84	4.46E-05	9.14E-06	9.14E-06
0	-24	-72	4.26E-05	-1.80E-06	-1.80E-06
0	-24	-60	4.72E-05	-1.34E-05	-1.34E-05
0	-24	-48	5.94E-05	-2.91E-05	-2.91E-05
0	-24	-36	5.39E-05	2.76E-05	2.76E-05
0	-24	-24	4.38E-05	1.18E-05	1.18E-05
0	-24	-12	4.21E-05	4.02E-06	4.02E-06
0	-24	0	4.38E-05	-1.18E-05	-1.18E-05
0	-24	12	5.39E-05	-2.76E-05	-2.76E-05
0	-24	24	5.68E-05	-3.10E-05	-3.10E-05
0	-24	36	4.56E-05	-1.42E-05	-1.42E-05
0	-24	48	4.13E-05	-1.90E-06	-1.90E-06
0	-24	60	4.32E-05	9.64E-06	9.64E-06
0	-24	72	5.23E-05	2.48E-05	2.48E-05
0	-24	84	6.35E-05	-3.28E-05	-3.28E-05
0	-24	96	4.91E-05	-1.57E-05	-1.57E-05
0	-24	108	4.35E-05	-3.63E-06	-3.63E-06
0	-24	120	4.43E-05	7.27E-06	7.27E-06
0	-24	132	5.27E-05	2.07E-05	2.07E-05
0	-24	144	7.09E-05	-3.41E-05	-3.41E-05
0	-24	156	5.27E-05	-1.70E-05	-1.70E-05
0	-24	168	4.57E-05	-5.18E-06	-5.18E-06
0	-24	180	4.57E-05	5.18E-06	5.18E-06
0	-24	192	5.27E-05	1.70E-05	1.70E-05
0	-12	-192	4.78E-05	6.84E-12	6.84E-12
0	-12	-180	5.24E-05	9.45E-06	9.45E-06
0	-12	-168	6.61E-05	2.13E-05	2.13E-05
0	-12	-156	7.16E-05	-2.14E-05	-2.14E-05
0	-12	-144	5.59E-05	-1.03E-05	-1.03E-05
0	-12	-132	4.98E-05	-1.40E-06	-1.40E-06
0	-12	-120	5.25E-05	7.10E-06	7.10E-06
0	-12	-108	6.53E-05	1.74E-05	1.74E-05
0	-12	-96	7.82E-05	-2.10E-05	-2.10E-05
0	-12	-84	5.93E-05	-1.09E-05	-1.09E-05
0	-12	-72	5.18E-05	-2.57E-06	-2.57E-06
0	-12	-60	5.29E-05	5.13E-06	5.13E-06
0	-12	-48	6.41E-05	1.40E-05	1.40E-05
0	-12	-36	8.42E-05	-2.02E-05	-2.02E-05
0	-12	-24	6.23E-05	-1.09E-05	-1.09E-05
0	-12	-12	5.34E-05	-3.43E-06	-3.43E-06
0	-12	0	5.34E-05	3.43E-06	3.43E-06
0	-12	12	6.23E-05	1.09E-05	1.09E-05
0	-12	24	8.42E-05	2.02E-05	2.02E-05
0	-12	36	6.66E-05	-1.09E-05	-1.09E-05
0	-12	48	5.49E-05	-4.02E-06	-4.02E-06
0	-12	60	5.38E-05	2.01E-06	2.01E-06
0	-12	72	6.16E-05	8.45E-06	8.45E-06
0	-12	84	8.09E-05	1.61E-05	1.61E-05
0	-12	96	7.12E-05	-1.04E-05	-1.04E-05
0	-12	108	5.71E-05	-4.37E-06	-4.37E-06
0	-12	120	5.42E-05	8.66E-07	8.66E-07
0	-12	132	6.09E-05	6.29E-06	6.29E-06
0	-12	144	7.80E-05	1.26E-05	1.26E-05
0	-12	156	7.59E-05	-9.48E-06	-9.48E-06
0	-12	168	6.01E-05	-4.46E-06	-4.46E-06
0	-12	180	5.45E-05	-4.55E-12	-4.55E-12
0	-12	192	6.01E-05	4.46E-06	4.46E-06
0	0	-192	5.80E-05	-1.33E-06	-1.33E-06
0	0	-180	5.80E-05	1.33E-06	1.33E-06
0	0	-168	6.77E-05	4.15E-06	4.15E-06
0	0	-156	9.03E-05	7.28E-06	7.28E-06
0	0	-144	7.14E-05	-3.11E-06	-3.11E-06
0	0	-132	5.89E-05	-1.18E-06	-1.18E-06
0	0	-120	5.77E-05	5.89E-07	5.89E-07
0	0	-108	6.61E-05	2.45E-06	2.45E-06
0	0	-96	8.61E-05	4.50E-06	4.50E-06
0	0	-84	7.52E-05	-1.73E-06	-1.73E-06
0	0	-72	6.05E-05	-7.42E-07	-7.42E-07
0	0	-60	5.74E-05	1.47E-07	1.47E-07
0	0	-48	6.45E-05	1.06E-06	1.06E-06
0	0	-36	8.22E-05	2.08E-06	2.08E-06
0	0	-24	7.91E-05	-5.76E-13	-5.76E-13
0	0	-12	6.29E-05	-2.75E-12	-2.75E-12
0	0	0	5.70E-05	-7.04E-12	-7.04E-12
0	0	12	6.29E-05	-3.84E-12	-3.84E-12
0	0	24	7.91E-05	1.39E-12	1.39E-12
0	0	36	8.22E-05	2.08E-06	2.08E-06
0	0	48	6.45E-05	1.06E-06	1.06E-06
0	0	60	5.74E-05	1.47E-07	1.47E-07
0	0	72	6.05E-05	-7.42E-07	-7.42E-07
0	0	84	7.52E-05	-1.73E-06	-1.73E-06
0	0	96	8.61E-05	4.50E-06	4.50E-06
0	0	108	6.61E-05	2.45E-06	2.45E-06
0	0	120	5.77E-05	5.89E-07	5.89E-07
0	0	132	5.89E-05	-1.18E-06	-1.18E-06
0	0	144	7.14E-05	-3.11E-06	-3.11E-06
0	0	156	9.03E-05	7.28E-06	7.28E-06
0	0	168	6.77E-05	4.15E-06	4.15E-06
0	0	180	5.80E-05	1.33E-06	1.33E-06
0	0	192	5.80E-05	-1.33E-06	-1.33E-06
0	12	-192	6.01E-05	4.46E-06	4.46E-06
0	12	-180	5.45E-05	1.11E-12	1.11E-12
0	12	-168	6.01E-05	-4.46E-06	-4.46E-06
0	12	-156	7.59E-05	-9.48E-06	-9.48E-06
0	12	-144	7.80E-05	1.26E-05	1.26E-05
0	12	-132	6.09E-05	6.29E-06	6.29E-06
0	12	-120	5.42E-05	8.66E-07	8.66E-07
0	12	-108	5.71E-05	-4.37E-06	-4.37E-06
0	12	-96	7.12E-05	-1.04E-05	-1.04E-05
0	12	-84	8.09E-05	1.61E-05	1.61E-05
0	12	-72	6.16E-05	8.45E-06	8.45E-06
0	12	-60	5.38E-05	2.01E-06	2.01E-06
0	12	-48	5.49E-05	-4.02E-06	-4.02E-06
0	12	-36	6.66E-05	-1.09E-05	-1.09E-05
0	12	-24	8.42E-05	2.02E-05	2.02E-05
0	12	-12	6.23E-05	1.09E-05	1.09E-05
0	12	0	5.34E-05	3.43E-06	3.43E-06
0	12	12	5.34E-05	-3.43E-06	-3.43E-06
0	12	24	6.23E-05	-1.09E-05	-1.09E-05
0	12	36	8.42E-05	-2.02E-05	-2.02E-05
0	12	48	6.41E-05	1.40E-05	1.40E-05
0	12	60	5.29E-05	5.13E-06	5.13E-06
0	12	72	5.18E-05	-2.57E-06	-2.57E-06
0	12	84	5.93E-05	-1.09E-05	-1.09E-05
0	12	96	7.82E-05	-2.10E-05	-2.10E-05
0	12	108	6.53E-05	1.74E-05	1.74E-05
0	12	120	5.25E-05	7.10E-06	7.10E-06
0	12	132	4.98E-05	-1.40E-06	-1.40E-06
0	12	144	5.59E-05	-1.03E-05	-1.03E-05
0	12	156	7.16E-05	-2.14E-05	-2.14E-05
0	12	168	6.61E-05	2.13E-05	2.13E-05
0	12	180	5.24E-05	9.45E-06	9.45E-06
0	12	192	4.78E-05	1.54E-12	1.54E-12
0	24	-192	5.27E-05	1.70E-05	1.70E-05
0	24	-180	4.57E-05	5.18E-06	5.18E-06
0	24	-168	4.57E-05	-5.18E-06	-5.18E-06
0	24	-156	5.27E-05	-1.70E-05	-1.70E-05
0	24	-144	7.09E-05	-3.41E-05	-3.41E-05
0	24	-132	5.27E-05	2.07E-05	2.07E-05
0	24	-120	4.43E-05	7.27E-06	7.27E-06
0	24	-108	4.35E-05	-3.63E-06	-3.63E-06
0	24	-96	4.91E-05	-1.57E-05	-1.57E-05
0	24	-84	6.35E-05	-3.28E-05	-3.28E-05
0	24	-72	5.23E-05	2.48E-05	2.48E-05
0	24	-60	4.32E-05	9.64E-06	9.64E-06
0	24	-48	4.13E-05	-1.90E-06	-1.90E-06
0	24	-36	4.56E-05	-1.42E-05	-1.42E-05
0	24	-24	5.68E-05	-3.10E-05	-3.10E-05
0	24	-12	5.39E-05	-2.76E-05	-2.76E-05
0	24	0	4.38E-05	-1.18E-05	-1.18E-05
0	24	12	4.21E-05	-4.22E-06	-4.22E-06
0	24	24	4.38E-05	1.18E-05	1.18E-05
0	24	36	5.39E-05	2.76E-05	2.76E-05
0	24	48	5.94E-05	-2.91E-05	-2.91E-05
0	24	60	4.72E-05	-1.34E-05	-1.34E-05
0	24	72	4.26E-05	-1.80E-06	-1.80E-06
0	24	84	4.46E-05	9.14E-06	9.14E-06
0	24	96	5.45E-05	2.34E-05	2.34E-05
0	24	108	6.61E-05	-3.05E-05	-3.05E-05
0	24	120	5.06E-05	-1.48E-05	-1.48E-05
0	24	132	4.47E-05	-3.42E-06	-3.42E-06
0	24	144	4.56E-05	6.84E-06	6.84E-06
0	24	156	5.45E-05	1.94E-05	1.94E-05
0	24	168	7.29E-05	-3.10E-05	-3.10E-05
0	24	180	5.40E-05	-1.56E-05	-1.56E-05
0	24	192	4.67E-05	-4.79E-06	-4.79E-06
12	-24	-192	6.89E-06	-6.46E-07	-6.46E-07
12	-24	-180	5.27E-06	-1.91E-06	-1.91E-06
12	-24	-168	9.74E-07	-2.98E-06	-2.98E-06
12	-24	-156	4.45E-06	2.27E-06	2.27E-06
12	-24	-144	6.55E-06	9.30E-07	9.30E-07
12	-24	-132	6.75E-06	-4.65E-07	-4.65E-07
12	-24	-120	5.37E-06	-1.84E-06	-1.84E-06
12	-24	-108	1.73E-06	-3.06E-06	-3.06E-06
12	-24	-96	3.60E-06	2.65E-06	2.65E-06
12	-24	-84	6.10E-06	1.24E-06	1.24E-06
12	-24	-72	6.60E-06	-2.49E-07	-2.49E-07
12	-24	-60	5.45E-06	-1.73E-06	-1.73E-06
12	-24	-48	2.36E-06	-3.09E-06	-3.09E-06
12	-24	-36	2.76E-06	3.06E-06	3.06E-06
12	-24	-24	5.53E-06	1.58E-06	1.58E-06
12	-24	-12	6.44E-06	5.61E-12	5.61E-12
12	-24	0	5.53E-06	-1.58E-06	-1.58E-06
12	-24	12	2.76E-06	-3.06E-06	-3.06E-06
12	-24	24	1.94E-06	3.51E-06	3.51E-06
12	-24	36	4.96E-06	1.95E-06	1.95E-06
12	-24	48	6.09E-06	2.81E-07	2.81E-07
12	-24	60	5.60E-06	-1.40E-06	-1.40E-06
12	-24	72	3.15E-06	-3.00E-06	-3.00E-06
12	-24	84	9.34E-07	3.89E-06	3.89E-06
12	-24	96	4.37E-06	2.32E-06	2.32E-06
12	-24	108	5.71E-06	5.86E-07	5.86E-07
12	-24	120	5.51E-06	-1.17E-06	-1.17E-06
12	-24	132	3.49E-06	-2.87E-06	-2.87E-06
12	-24	144	-1.27E-07	4.25E-06	4.25E-06
12	-24	156	3.77E-06	2.69E-06	2.69E-06
12	-24	168	5.32E-06	9.10E-07	9.10E-07
12	-24	180	5.32E-06	-9.10E-07	-9.10E-07
12	-24	192	3.77E-06	-2.69E-06	-2.69E-06
12	-12	-192	4.70E-06	4.81E-12	4.81E-12
12	-12	-180	3.86E-06	1.45E-06	1.45E-06
12	-12	-168	1.41E-06	2.79E-06	2.79E-06
12	-12	-156	1.05E-06	-2.87E-06	-2.87E-06
12	-12	-144	3.79E-06	-1.62E-06	-1.62E-06
12	-12	-132	4.85E-06	-2.35E-07	-2.35E-07
12	-12	-120	4.39E-06	1.17E-06	1.17E-06
12	-12	-108	2.14E-06	2.47E-06	2.47E-06
12	-12	-96	5.04E-07	-2.87E-06	-2.87E-06
12	-12	-84	3.69E-06	-1.74E-06	-1.74E-06
12	-12	-72	4.96E-06	-4.42E-07	-4.42E-07
12	-12	-60	4.78E-06	8.85E-07	8.85E-07
12	-12	-48	2.88E-06	2.14E-06	2.14E-06
12	-12	-36	-1.43E-07	-2.83E-06	-2.83E-06
12	-12	-24	3.59E-06	-1.83E-06	-1.83E-06
12	-12	-12	5.08E-06	-6.23E-07	-6.23E-07
12	-12	0	5.08E-06	6.23E-07	6.23E-07
12	-12	12	3.59E-06	1.83E-06	1.83E-06
12	-12	24	-1.43E-07	2.83E-06	2.83E-06
12	-12	36	3.25E-06	-1.88E-06	-1.88E-06
12	-12	48	5.19E-06	-7.77E-07	-7.77E-07
12	-12	60	5.38E-06	3.88E-07	3.88E-07
12	-12	72	4.09E-06	1.53E-06	1.53E-06
12	-12	84	8.01E-07	2.51E-06	2.51E-06
12	-12	96	2.85E-06	-1.89E-06	-1.89E-06
12	-12	108	5.21E-06	-8.97E-07	-8.97E-07
12	-12	120	5.68E-06	1.80E-07	1.80E-07
12	-12	132	4.59E-06	1.24E-06	1.24E-06
12	-12	144	1.70E-06	2.19E-06	2.19E-06
12	-12	156	2.38E-06	-1.82E-06	-1.82E-06
12	-12	168	5.03E-06	-9.58E-07	-9.58E-07
12	-12	180	5.92E-06	2.31E-12	2.31E-12
12	-12	192	5.03E-06	9.58E-07	9.58E-07
12	0	-192	5.17E-06	-3.35E-07	-3.35E-07
12	0	-180	5.17E-06	3.35E-07	3.35E-07
12	0	-168	3.66E-06	9.78E-07	9.78E-07
12	0	-156	-1.11E-07	1.48E-06	1.48E-06
12	0	-144	3.24E-06	-9.06E-07	-9.06E-07
12	0	-132	5.20E-06	-3.80E-07	-3.80E-07
12	0	-120	5.39E-06	1.90E-07	1.90E-07
12	0	-108	4.09E-06	7.40E-07	7.40E-07
12	0	-96	7.74E-07	1.19E-06	1.19E-06
12	0	-84	2.73E-06	-7.91E-07	-7.91E-07
12	0	-72	5.09E-06	-3.82E-07	-3.82E-07
12	0	-60	5.56E-06	7.67E-08	7.67E-08
12	0	-48	4.47E-06	5.26E-07	5.26E-07
12	0	-36	1.57E-06	9.10E-07	9.10E-07
12	0	-24	2.19E-06	-6.38E-07	-6.38E-07
12	0	-12	4.82E-06	-3.40E-07	-3.40E-07
12	0	0	5.70E-06	5.35E-12	5.35E-12
12	0	12	4.82E-06	3.40E-07	3.40E-07
12	0	24	2.19E-06	6.38E-07	6.38E-07
12	0	36	1.63E-06	-4.55E-07	-4.55E-07
12	0	48	4.55E-06	-2.63E-07	-2.63E-07
12	0	60	5.65E-06	-3.84E-08	-3.84E-08
12	0	72	5.17E-06	1.91E-07	1.91E-07
12	0	84	2.80E-06	3.95E-07	3.95E-07
12	0	96	9.01E-07	-2.40E-07	-2.40E-07
12	0	108	4.28E-06	-1.49E-07	-1.49E-07
12	0	120	5.60E-06	-3.84E-08	-3.84E-08
12	0	132	5.41E-06	7.67E-08	7.67E-08
12	0	144	3.42E-06	1.83E-07	1.83E-07
12	0	156	1.31E-06	4.09E-12	4.09E-12
12	0	168	4.01E-06	4.23E-12	4.23E-12
12	0	180	5.55E-06	4.52E-12	4.52E-12
12	0	192	5.55E-06	6.21E-12	6.21E-12
12	12	-192	4.11E-06	2.02E-07	2.02E-07
12	12	-180	4.97E-06	6.75E-12	6.75E-12
12	12	-168	4.11E-06	-2.02E-07	-2.02E-07
12	12	-156	1.58E-06	-3.75E-07	-3.75E-07
12	12	-144	1.00E-06	6.01E-07	6.01E-07
12	12	-132	3.77E-06	3.50E-07	3.50E-07
12	12	-120	4.84E-06	5.13E-08	5.13E-08
12	12	-108	4.37E-06	-2.55E-07	-2.55E-07
12	12	-96	2.10E-06	-5.24E-07	-5.24E-07
12	12	-84	2.76E-07	8.43E-07	8.43E-07
12	12	-72	3.43E-06	5.31E-07	5.31E-07
12	12	-60	4.70E-06	1.37E-07	1.37E-07
12	12	-48	4.51E-06	-2.74E-07	-2.74E-07
12	12	-36	2.62E-06	-6.47E-07	-6.47E-07
12	12	-24	-5.22E-07	1.09E-06	1.09E-06
12	12	-12	3.07E-06	7.35E-07	7.35E-07
12	12	0	4.54E-06	2.54E-07	2.54E-07
12	12	12	4.54E-06	-2.54E-07	-2.54E-07
12	12	24	3.07E-06	-7.35E-07	-7.35E-07
12	12	36	-5.22E-07	-1.09E-06	-1.09E-06
12	12	48	2.47E-06	9.45E-07	9.45E-07
12	12	60	4.33E-06	3.98E-07	3.98E-07
12	12	72	4.52E-06	-1.99E-07	-1.99E-07
12	12	84	3.27E-06	-7.74E-07	-7.74E-07
12	12	96	1.70E-07	-1.24E-06	-1.24E-06
12	12	108	1.84E-06	1.18E-06	1.18E-06
12	12	120	4.04E-06	5.70E-07	5.70E-07
12	12	132	4.50E-06	-1.15E-07	-1.15E-07
12	12	144	3.46E-06	-7.84E-07	-7.84E-07
12	12	156	7.80E-07	-1.35E-06	-1.35E-06
12	12	168	1.23E-06	1.43E-06	1.43E-06
12	12	180	3.64E-06	7.65E-07	7.65E-07
12	12	192	4.48E-06	3.84E-12	3.84E-12
12	24	-192	1.90E-06	1.18E-06	1.18E-06
12	24	-180	3.25E-06	4.10E-07	4.10E-07
12	24	-168	3.25E-06	-4.10E-07	-4.10E-07
12	24	-156	1.90E-06	-1.18E-06	-1.18E-06
12	24	-144	-1.24E-06	-1.75E-06	-1.75E-06
12	24	-132	1.33E-06	1.38E-06	1.38E-06
12	24	-120	3.02E-06	5.84E-07	5.84E-07
12	24	-108	3.19E-06	-2.92E-07	-2.92E-07
12	24	-96	2.04E-06	-1.13E-06	-1.13E-06
12	24	-84	-6.76E-07	-1.79E-06	-1.79E-06
12	24	-72	7.44E-07	1.58E-06	1.58E-06
12	24	-60	2.71E-06	7.72E-07	7.72E-07
12	24	-48	3.13E-06	-1.55E-07	-1.55E-07
12	24	-36	2.18E-06	-1.06E-06	-1.06E-06
12	24	-24	-1.86E-07	-1.82E-06	-1.82E-06
12	24	-12	1.76E-07	1.80E-06	1.80E-06
12	24	0	2.30E-06	9.71E-07	9.71E-07
12	24	12	3.06E-06	7.55E-12	7.55E-12
12	24	24	2.30E-06	-9.71E-07	-9.71E-07
12	24	36	1.75E-07	-1.80E-06	-1.80E-06
12	24	48	-3.88E-07	2.01E-06	2.01E-06
12	24	60	1.89E-06	1.17E-06	1.17E-06
12	24	72	2.81E-06	1.72E-07	1.72E-07
12	24	84	2.40E-06	-8.53E-07	-8.53E-07
12	24	96	5.06E-07	-1.75E-06	-1.75E-06
12	24	108	-1.03E-06	2.18E-06	2.18E-06
12	24	120	1.48E-06	1.37E-06	1.37E-06
12	24	132	2.55E-06	3.55E-07	3.55E-07
12	24	144	2.39E-06	-7.11E-07	-7.11E-07
12	24	156	8.13E-07	-1.68E-06	-1.68E-06
12	24	168	-1.90E-06	-1.88E-06	-1.88E-06
12	24	180	7.14E-07	-1.31E-06	-1.31E-06
12	24	192	1.90E-06	-4.58E-07	-4.58E-07
24	-12	-192	-1.19E-06	3.19E-12	3.19E-12
24	-12	-180	-1.22E-06	1.83E-08	1.83E-08
24	-12	-168	-1.29E-06	4.46E-08	4.46E-08
24	-12	-156	-1.30E-06	-5.35E-08	-5.35E-08
24	-12	-144	-1.23E-06	-2.39E-08	-2.39E-08
24	-12	-132	-1.19E-06	-3.11E-09	-3.11E-09
24	-12	-120	-1.21E-06	1.59E-08	1.59E-08
24	-12	-108	-1.27E-06	4.26E-08	4.26E-08
24	-12	-96	-1.27E-06	6.20E-08	6.20E-08
24	-12	-84	-1.21E-06	2.99E-08	2.99E-08
24	-12	-72	-1.18E-06	6.84E-09	6.84E-09
24	-12	-60	-1.19E-06	-1.37E-08	-1.37E-08
24	-12	-48	-1.23E-06	-3.94E-08	-3.94E-08
24	-12	-36	-1.29E-06	6.39E-08	6.39E-08
24	-12	-24	-1.23E-06	3.16E-08	3.16E-08
24	-12	-12	-1.19E-06	9.47E-09	9.47E-09
24	-12	0	-1.19E-06	-9.46E-09	-9.46E-09
24	-12	12	-1.23E-06	-3.16E-08	-3.16E-08
24	-12	24	-1.29E-06	-6.39E-08	-6.39E-08
24	-12	36	-1.24E-06	3.37E-08	3.37E-08
24	-12	48	-1.19E-06	1.16E-08	1.16E-08
24	-12	60	-1.19E-06	-5.80E-09	-5.80E-09
24	-12	72	-1.22E-06	-2.55E-08	-2.55E-08
24	-12	84	-1.28E-06	-5.35E-08	-5.35E-08
24	-12	96	-1.26E-06	3.54E-08	3.54E-08
24	-12	108	-1.20E-06	1.36E-08	1.36E-08
24	-12	120	-1.19E-06	-2.65E-09	-2.65E-09
24	-12	132	-1.22E-06	-2.02E-08	-2.02E-08
24	-12	144	-1.28E-06	-4.42E-08	-4.42E-08
24	-12	156	-1.27E-06	3.63E-08	3.63E-08
24	-12	168	-1.21E-06	1.53E-08	1.53E-08
24	-12	180	-1.18E-06	4.82E-12	4.82E-12
24	-12	192	-1.21E-06	-1.53E-08	-1.53E-08
24	0	-192	-1.18E-06	6.48E-09	6.48E-09
24	0	-180	-1.18E-06	-6.48E-09	-6.48E-09
24	0	-168	-1.22E-06	-2.13E-08	-2.13E-08
24	0	-156	-1.28E-06	-4.22E-08	-4.22E-08
24	0	-144	-1.23E-06	2.18E-08	2.18E-08
24	0	-132	-1.19E-06	7.67E-09	7.67E-09
24	0	-120	-1.18E-06	-3.83E-09	-3.83E-09
24	0	-108	-1.22E-06	-1.66E-08	-1.66E-08
24	0	-96	-1.27E-06	-3.40E-08	-3.40E-08
24	0	-84	-1.24E-06	2.16E-08	2.16E-08
24	0	-72	-1.19E-06	8.50E-09	8.50E-09
24	0	-60	-1.18E-06	-1.67E-09	-1.67E-09
24	0	-48	-1.21E-06	-1.25E-08	-1.25E-08
24	0	-36	-1.26E-06	-2.68E-08	-2.68E-08
24	0	-24	-1.26E-06	2.07E-08	2.07E-08
24	0	-12	-1.20E-06	8.98E-09	8.98E-09
24	0	0	-1.18E-06	3.94E-12	3.94E-12
24	0	12	-1.20E-06	-8.97E-09	-8.97E-09
24	0	24	-1.26E-06	-2.07E-08	-2.07E-08
24	0	36	-1.27E-06	1.91E-08	1.91E-08
24	0	48	-1.21E-06	8.88E-09	8.88E-09
24	0	60	-1.18E-06	1.19E-09	1.19E-09
24	0	72	-1.20E-06	-6.01E-09	-6.01E-09
24	0	84	-1.25E-06	-1.54E-08	-1.54E-08
24	0	96	-1.28E-06	1.69E-08	1.69E-08
24	0	108	-1.22E-06	8.23E-09	8.23E-09
24	0	120	-1.19E-06	1.89E-09	1.89E-09
24	0	132	-1.19E-06	-3.77E-09	-3.77E-09
24	0	144	-1.24E-06	-1.08E-08	-1.08E-08
24	0	156	-1.29E-06	1.40E-08	1.40E-08
24	0	168	-1.23E-06	7.03E-09	7.03E-09
24	0	180	-1.19E-06	2.12E-09	2.12E-09
24	0	192	-1.19E-06	-2.12E-09	-2.12E-09
24	12	-192	-1.19E-06	1.51E-09	1.51E-09
24	12	-180	-1.16E-06	2.53E-12	2.53E-12
24	12	-168	-1.19E-06	-1.50E-09	-1.50E-09
24	12	-156	-1.23E-06	-3.44E-09	-3.44E-09
24	12	-144	-1.24E-06	1.41E-12	1.41E-12
24	12	-132	-1.19E-06	2.33E-12	2.33E-12
24	12	-120	-1.17E-06	2.24E-12	2.24E-12
24	12	-108	-1.18E-06	2.00E-12	2.00E-12
24	12	-96	-1.23E-06	2.29E-12	2.29E-12
24	12	-84	-1.25E-06	-4.22E-09	-4.22E-09
24	12	-72	-1.20E-06	-2.08E-09	-2.08E-09
24	12	-60	-1.17E-06	-4.78E-10	-4.78E-10
24	12	-48	-1.17E-06	9.63E-10	9.63E-10
24	12	-36	-1.22E-06	2.72E-09	2.72E-09
24	12	-24	-1.26E-06	-9.30E-09	-9.30E-09
24	12	-12	-1.21E-06	-4.73E-09	-4.73E-09
24	12	0	-1.17E-06	-1.44E-09	-1.44E-09
24	12	12	-1.17E-06	1.44E-09	1.44E-09
24	12	24	-1.21E-06	4.73E-09	4.73E-09
24	12	36	-1.26E-06	9.30E-09	9.30E-09
24	12	48	-1.21E-06	-8.15E-09	-8.15E-09
24	12	60	-1.17E-06	-2.88E-09	-2.88E-09
24	12	72	-1.17E-06	1.44E-09	1.44E-09
24	12	84	-1.20E-06	6.24E-09	6.24E-09
24	12	96	-1.25E-06	1.27E-08	1.27E-08
24	12	108	-1.22E-06	-1.23E-08	-1.23E-08
24	12	120	-1.18E-06	-4.88E-09	-4.88E-09
24	12	132	-1.16E-06	9.62E-10	9.62E-10
24	12	144	-1.19E-06	7.17E-09	7.17E-09
24	12	156	-1.24E-06	1.52E-08	1.52E-08
24	12	168	-1.23E-06	-1.72E-08	-1.72E-08
24	12	180	-1.18E-06	-7.55E-09	-7.55E-09
24	12	192	-1.16E-06	1.61E-12	1.61E-12

