-24 -12 -192 -1.16123e-06 4.17104e-12 -2.31154e-12
-24 -12 -180 -1.18258e-06 -7.54413e-09 -1.32208e-07
-24 -12 -168 -1.22974e-06 -1.72418e-08 -2.94183e-07
-24 -12 -156 -1.2404e-06 1.52428e-08 3.23937e-07
-24 -12 -144 -1.19066e-06 7.1717e-09 1.56495e-07
-24 -12 -132 -1.16476e-06 9.64403e-10 2.12534e-08
-24 -12 -120 -1.17683e-06 -4.87718e-09 -1.07632e-07
-24 -12 -108 -1.2223e-06 -1.23231e-08 -2.64252e-07
-24 -12 -96 -1.25014e-06 1.26621e-08 3.56894e-07
-24 -12 -84 -1.19827e-06 6.2371e-09 1.80835e-07
-24 -12 -72 -1.16785e-06 1.44422e-09 4.2476e-08
-24 -12 -60 -1.17298e-06 -2.87795e-09 -8.49555e-08
-24 -12 -48 -1.21401e-06 -8.14797e-09 -2.34322e-07
-24 -12 -36 -1.25986e-06 9.29969e-09 3.91226e-07
-24 -12 -24 -1.20595e-06 4.73056e-09 2.05166e-07
-24 -12 -12 -1.17097e-06 1.44382e-09 6.36654e-08
-24 -12 0 -1.17098e-06 -1.43734e-09 -6.36668e-08
-24 -12 12 -1.20595e-06 -4.72492e-09 -2.05167e-07
-24 -12 24 -1.25987e-06 -9.29511e-09 -3.91227e-07
-24 -12 36 -1.21556e-06 2.71895e-09 2.3415e-07
-24 -12 48 -1.17412e-06 9.63183e-10 8.48218e-08
-24 -12 60 -1.16895e-06 -4.77095e-10 -4.24113e-08
-24 -12 72 -1.19966e-06 -2.07453e-09 -1.80651e-07
-24 -12 84 -1.25209e-06 -4.21629e-09 -3.56869e-07
-24 -12 96 -1.22558e-06 1.74195e-12 2.63969e-07
-24 -12 108 -1.17919e-06 2.30259e-12 1.07319e-07
-24 -12 120 -1.16689e-06 2.76925e-12 -2.11888e-08
-24 -12 132 -1.1933e-06 3.71261e-12 -1.56145e-07
-24 -12 144 -1.24409e-06 4.39859e-12 -3.23778e-07
-24 -12 156 -1.23396e-06 -3.44426e-09 2.93929e-07
-24 -12 168 -1.18562e-06 -1.50401e-09 1.31815e-07
-24 -12 180 -1.16377e-06 2.67517e-12 5.58083e-13
-24 -12 192 -1.18562e-06 1.50986e-09 -1.31814e-07
-24 0 -192 -1.1921e-06 -2.11725e-09 6.27394e-08
-24 0 -180 -1.1921e-06 2.12358e-09 -6.27369e-08
-24 0 -168 -1.23118e-06 7.02958e-09 -2.03499e-07
-24 0 -156 -1.29231e-06 1.40388e-08 -3.92398e-07
-24 0 -144 -1.24035e-06 -1.08001e-08 2.33001e-07
-24 0 -132 -1.1944e-06 -3.76621e-09 8.37331e-08
-24 0 -120 -1.1887e-06 1.8879e-09 -4.1864e-08
-24 0 -108 -1.22268e-06 8.22864e-09 -1.7925e-07
-24 0 -96 -1.28127e-06 1.69482e-08 -3.57353e-07
-24 0 -84 -1.24909e-06 -1.53799e-08 2.63411e-07
-24 0 -72 -1.19826e-06 -6.01154e-09 1.06299e-07
-24 0 -60 -1.18487e-06 1.18494e-09 -2.0966e-08
-24 0 -48 -1.21368e-06 8.87829e-09 -1.55068e-07
-24 0 -36 -1.26946e-06 1.90962e-08 -3.23833e-07
-24 0 -24 -1.25661e-06 -2.0726e-08 2.93841e-07
-24 0 -12 -1.20409e-06 -8.97394e-09 1.30968e-07
-24 0 0 -1.18049e-06 3.1138e-12 2.40195e-12
-24 0 12 -1.2041e-06 8.98022e-09 -1.30963e-07
-24 0 24 -1.25662e-06 2.0732e-08 -2.93837e-07
-24 0 36 -1.26382e-06 -2.68059e-08 3.24185e-07
-24 0 48 -1.20971e-06 -1.25159e-08 1.55675e-07
-24 0 60 -1.18169e-06 -1.66792e-09 2.10822e-08
-24 0 72 -1.19473e-06 8.5026e-09 -1.0682e-07
-24 0 84 -1.24409e-06 2.16338e-08 -2.63929e-07
-24 0 96 -1.27047e-06 -3.40012e-08 3.57699e-07
-24 0 108 -1.2151e-06 -1.66373e-08 1.80421e-07
-24 0 120 -1.18282e-06 -3.82824e-09 4.22732e-08
-24 0 132 -1.18825e-06 7.66568e-09 -8.4537e-08
-24 0 144 -1.23187e-06 2.18016e-08 -2.34108e-07
-24 0 156 -1.27667e-06 -4.21987e-08 3.92401e-07
-24 0 168 -1.22029e-06 -2.13383e-08 2.05206e-07
-24 0 180 -1.18387e-06 -6.47784e-09 6.35756e-08
-24 0 192 -1.18387e-06 6.48385e-09 -6.35686e-08
-24 12 -192 -1.21131e-06 -1.53324e-08 1.24614e-07
-24 12 -180 -1.18446e-06 3.26664e-12 2.79021e-12
-24 12 -168 -1.21131e-06 1.53388e-08 -1.24608e-07
-24 12 -156 -1.2717e-06 3.63406e-08 -2.83729e-07
-24 12 -144 -1.27867e-06 -4.41926e-08 3.14112e-07
-24 12 -132 -1.21687e-06 -2.01543e-08 1.48853e-07
-24 12 -120 -1.18525e-06 -2.65404e-09 2.0024e-08
-24 12 -108 -1.19994e-06 1.35637e-08 -1.01631e-07
-24 12 -96 -1.25604e-06 3.53965e-08 -2.54632e-07
-24 12 -84 -1.28492e-06 -5.34585e-08 3.4786e-07
-24 12 -72 -1.22204e-06 -2.55499e-08 1.73204e-07
-24 12 -60 -1.1859e-06 -5.79856e-09 4.02866e-08
-24 12 -48 -1.19196e-06 1.16076e-08 -8.05643e-08
-24 12 -36 -1.24095e-06 3.37306e-08 -2.25652e-07
-24 12 -24 -1.28959e-06 -6.38713e-08 3.82734e-07
-24 12 -12 -1.22617e-06 -3.16013e-08 1.97717e-07
-24 12 0 -1.18589e-06 -9.46777e-09 6.08207e-08
-24 12 12 -1.1859e-06 9.47151e-09 -6.08148e-08
-24 12 24 -1.22617e-06 3.16055e-08 -1.9771e-07
-24 12 36 -1.28961e-06 6.38737e-08 -3.82729e-07
-24 12 48 -1.23173e-06 -3.93804e-08 2.27265e-07
-24 12 60 -1.18551e-06 -1.36687e-08 8.1633e-08
-24 12 72 -1.17977e-06 6.83357e-09 -4.08123e-08
-24 12 84 -1.21393e-06 2.99274e-08 -1.74803e-07
-24 12 96 -1.273e-06 6.20211e-08 -3.48699e-07
-24 12 108 -1.27104e-06 4.25748e-08 2.47293e-07
-24 12 120 -1.20861e-06 1.58992e-08 9.73743e-08
-24 12 132 -1.19238e-06 -3.10182e-09 -1.91564e-08
-24 12 144 -1.22739e-06 -2.38545e-08 -1.43322e-07
-24 12 156 -1.29638e-06 -5.35427e-08 -3.06309e-07
-24 12 168 -1.2892e-06 4.45504e-08 2.75674e-07
-24 12 180 -1.2215e-06 1.83143e-08 1.19357e-07
-24 12 192 -1.19163e-06 7.44565e-12 -5.86143e-12
-12 -24 -192 1.90399e-06 -4.57812e-07 1.16025e-06
-12 -24 -180 7.14359e-07 -1.30703e-06 3.27916e-06
-12 -24 -168 -1.90276e-06 -1.88121e-06 4.58877e-06
-12 -24 -156 8.12791e-07 -1.67507e-06 -4.04671e-06
-12 -24 -144 2.39104e-06 -7.10918e-07 -1.74439e-06
-12 -24 -132 2.55445e-06 3.5548e-07 8.72195e-07
-12 -24 -120 1.4763e-06 1.3744e-06 3.34162e-06
-12 -24 -108 -1.03299e-06 2.179e-06 5.16718e-06
-12 -24 -96 5.0647e-07 -1.74927e-06 -4.5452e-06
-12 -24 -84 2.40404e-06 -8.5333e-07 -2.254e-06
-12 -24 -72 2.81046e-06 1.71791e-07 4.54461e-07
-12 -24 -60 1.88842e-06 1.1707e-06 3.07706e-06
-12 -24 -48 -3.87826e-07 2.00602e-06 5.1761e-06
-12 -24 -36 1.75499e-07 -1.80357e-06 -5.06937e-06
-12 -24 -24 2.30274e-06 -9.71275e-07 -2.77102e-06
-12 -24 -12 3.06162e-06 1.43453e-12 5.95019e-13
-12 -24 0 2.30273e-06 9.71278e-07 2.77102e-06
-12 -24 12 1.75496e-07 1.80357e-06 5.06937e-06
-12 -24 24 -1.85664e-07 -1.81601e-06 -5.60263e-06
-12 -24 36 2.17701e-06 -1.05965e-06 -3.31009e-06
-12 -24 48 3.12695e-06 -1.55443e-07 -4.87752e-07
-12 -24 60 2.70893e-06 7.72228e-07 2.42046e-06
-12 -24 72 7.44397e-07 1.58358e-06 4.90839e-06
-12 -24 84 -6.75869e-07 -1.79321e-06 -6.09005e-06
-12 -24 96 2.04359e-06 -1.13058e-06 -3.88056e-06
-12 -24 108 3.19015e-06 -2.92132e-07 -1.00693e-06
-12 -24 120 3.01752e-06 5.84273e-07 2.01386e-06
-12 -24 132 1.33031e-06 1.3783e-06 4.71764e-06
-12 -24 144 -1.2392e-06 -1.74954e-06 -6.57283e-06
-12 -24 156 1.90247e-06 -1.18406e-06 -4.48244e-06
-12 -24 168 3.25122e-06 -4.10066e-07 -1.55753e-06
-12 -24 180 3.25122e-06 4.10073e-07 1.55753e-06
-12 -24 192 1.90247e-06 1.18407e-06 4.48244e-06
-12 -12 -192 4.47729e-06 4.60038e-12 -1.83947e-13
-12 -12 -180 3.64428e-06 7.65382e-07 3.58647e-06
-12 -12 -168 1.22995e-06 1.43298e-06 6.72661e-06
-12 -12 -156 7.79648e-07 -1.3532e-06 -7.35024e-06
-12 -12 -144 3.45845e-06 -7.83737e-07 -4.23683e-06
-12 -12 -132 4.49909e-06 -1.1455e-07 -6.18458e-07
-12 -12 -120 4.04473e-06 5.69588e-07 3.07606e-06
-12 -12 -108 1.84352e-06 1.17695e-06 6.38099e-06
-12 -12 -96 1.6959e-07 -1.23528e-06 -7.91645e-06
-12 -12 -84 3.26749e-06 -7.73754e-07 -4.91067e-06
-12 -12 -72 4.51958e-06 -1.99151e-07 -1.2602e-06
-12 -12 -60 4.33389e-06 3.98313e-07 2.52039e-06
-12 -12 -48 2.46945e-06 9.45166e-07 6.01288e-06
-12 -12 -36 -5.22118e-07 -1.0915e-06 -8.46964e-06
-12 -12 -24 3.07142e-06 -7.35425e-07 -5.608e-06
-12 -12 -12 4.53874e-06 -2.53797e-07 -1.92521e-06
-12 -12 0 4.53873e-06 2.53804e-07 1.92521e-06
-12 -12 12 3.07141e-06 7.35431e-07 5.608e-06
-12 -12 24 -5.22129e-07 1.09149e-06 8.46964e-06
-12 -12 36 2.62196e-06 -6.47403e-07 -6.20203e-06
-12 -12 48 4.51489e-06 -2.73615e-07 -2.59604e-06
-12 -12 60 4.70272e-06 1.36812e-07 1.29802e-06
-12 -12 72 3.43345e-06 5.30681e-07 5.06246e-06
-12 -12 84 2.76454e-07 8.42819e-07 8.17695e-06
-12 -12 96 2.10358e-06 -5.24066e-07 -6.75989e-06
-12 -12 108 4.37132e-06 -2.54969e-07 -3.24907e-06
-12 -12 120 4.83607e-06 5.13055e-08 6.53037e-07
-12 -12 132 3.76957e-06 3.50332e-07 4.47947e-06
-12 -12 144 1.00243e-06 6.01095e-07 7.79552e-06
-12 -12 156 1.58058e-06 -3.75052e-07 -7.32526e-06
-12 -12 168 4.10762e-06 -2.01765e-07 -3.88844e-06
-12 -12 180 4.96992e-06 1.52621e-12 -7.91747e-13
-12 -12 192 4.10761e-06 2.01768e-07 3.88844e-06
-12 0 -192 5.54691e-06 1.19879e-12 -2.20064e-06
-12 0 -180 5.54691e-06 -6.71165e-13 2.20064e-06
-12 0 -168 4.00524e-06 -1.99995e-12 6.46009e-06
-12 0 -156 -1.99739e-06 -3.22058e-12 9.71838e-06
-12 0 -144 3.42074e-06 1.82827e-07 -7.03914e-06
-12 0 -132 5.40645e-06 7.67254e-08 -2.9164e-06
-12 0 -120 5.59997e-06 -3.83643e-08 1.4582e-06
-12 0 -108 4.27893e-06 -1.49456e-07 5.72281e-06
-12 0 -96 9.01391e-07 -2.39762e-07 9.38122e-06
-12 0 -84 2.80056e-06 3.95441e-07 -7.59611e-06
-12 0 -72 5.17464e-06 1.90818e-07 -3.60955e-06
-12 0 -60 5.65257e-06 -3.83655e-08 7.24649e-07
-12 0 -48 4.55075e-06 -2.6288e-07 4.99455e-06
-12 0 -36 1.63417e-06 -4.55024e-07 8.79925e-06
-12 0 -24 2.18518e-06 6.37847e-07 -8.14446e-06
-12 0 -12 4.82069e-06 3.40271e-07 -4.27528e-06
-12 0 0 5.70471e-06 -4.42699e-12 -2.18193e-12
-12 0 12 4.82068e-06 -3.40276e-07 4.27528e-06
-12 0 24 2.18516e-06 -6.37848e-07 8.14447e-06
-12 0 36 1.57462e-06 9.10044e-07 -8.68421e-06
-12 0 48 4.46862e-06 5.25753e-07 -4.93201e-06
-12 0 60 5.56425e-06 7.67198e-08 -7.15756e-07
-12 0 72 5.08874e-06 -3.81642e-07 3.56502e-06
-12 0 84 2.73135e-06 -7.90881e-07 7.49829e-06
-12 0 96 7.74268e-07 1.18952e-06 -9.08438e-06
-12 0 108 4.08587e-06 7.39956e-07 -5.55069e-06
-12 0 120 5.38909e-06 1.8981e-07 -1.41544e-06
-12 0 132 5.1977e-06 -3.79635e-07 2.83087e-06
-12 0 144 3.24232e-06 -9.05643e-07 6.82431e-06
-12 0 156 -1.10616e-07 1.47519e-06 -9.36319e-06
-12 0 168 3.6633e-06 9.77668e-07 -6.10891e-06
-12 0 180 5.16759e-06 3.3523e-07 -2.08456e-06
-12 0 192 5.16758e-06 -3.35239e-07 2.08455e-06
-12 12 -192 5.03298e-06 9.57591e-07 -4.34803e-06
-12 12 -180 5.91813e-06 -3.05081e-12 -3.32722e-12
-12 12 -168 5.03298e-06 -9.57598e-07 4.34802e-06
-12 12 -156 2.38345e-06 -1.82295e-06 8.32663e-06
-12 12 -144 1.69535e-06 2.18727e-06 -8.75829e-06
-12 12 -132 4.58806e-06 1.24115e-06 -4.95125e-06
-12 12 -120 5.68113e-06 1.80003e-07 -7.1733e-07
-12 12 -108 5.2069e-06 -8.96709e-07 3.57432e-06
-12 12 -96 2.85213e-06 -1.88811e-06 7.54942e-06
-12 12 -84 8.01167e-07 2.50713e-06 -8.99099e-06
-12 12 -72 4.08996e-06 1.52603e-06 -5.4744e-06
-12 12 -60 5.38489e-06 3.88478e-07 -1.39411e-06
-12 12 -48 5.19464e-06 -7.76965e-07 2.78821e-06
-12 12 -36 3.25215e-06 -1.87818e-06 6.73673e-06
-12 12 -24 -1.42889e-07 2.83225e-06 -9.13149e-06
-12 12 -12 3.5878e-06 1.8319e-06 -5.94521e-06
-12 12 0 5.07957e-06 6.23106e-07 -2.02713e-06
-12 12 12 5.07957e-06 -6.23115e-07 2.02712e-06
-12 12 24 3.5878e-06 -1.8319e-06 5.9452e-06
-12 12 36 -1.429e-07 -2.83226e-06 9.13149e-06
-12 12 48 2.87611e-06 2.14273e-06 -6.29778e-06
-12 12 60 4.77564e-06 8.84661e-07 -2.61746e-06
-12 12 72 4.96312e-06 -4.42339e-07 1.30873e-06
-12 12 84 3.69256e-06 -1.73928e-06 5.12613e-06
-12 12 96 5.0357e-07 -2.86967e-06 8.36768e-06
-12 12 108 2.14315e-06 2.4748e-06 -6.59144e-06
-12 12 120 4.38601e-06 1.16927e-06 -3.15116e-06
-12 12 132 4.84529e-06 -2.34637e-07 6.33017e-07
-12 12 144 3.79124e-06 -1.62036e-06 4.35172e-06
-12 12 156 1.05326e-06 -2.87437e-06 7.61773e-06
-12 12 168 1.40557e-06 2.78635e-06 -6.8057e-06
-12 12 180 3.8597e-06 1.4538e-06 -3.60632e-06
-12 12 192 4.70107e-06 -4.33485e-12 -4.23858e-12
-12 24 -192 3.7662e-06 -2.69444e-06 -6.01275e-06
-12 24 -180 5.31651e-06 -9.10114e-07 -2.04845e-06
-12 24 -168 5.31651e-06 9.10146e-07 2.04845e-06
-12 24 -156 3.76619e-06 2.69445e-06 6.01275e-06
-12 24 -144 -1.27401e-07 4.25202e-06 9.2414e-06
-12 24 -132 3.49322e-06 -2.87017e-06 -6.89997e-06
-12 24 -120 5.51235e-06 -1.17261e-06 -2.84886e-06
-12 24 -108 5.70926e-06 5.86312e-07 1.42443e-06
-12 24 -96 4.36561e-06 2.3198e-06 5.60216e-06
-12 24 -84 9.33535e-07 3.88975e-06 9.22849e-06
-12 24 -72 3.15057e-06 -3.00466e-06 -7.82765e-06
-12 24 -60 5.60013e-06 -1.4029e-06 -3.69066e-06
-12 24 -48 6.09054e-06 2.81167e-07 7.40342e-07
-12 24 -36 4.95833e-06 1.95144e-06 5.11945e-06
-12 24 -24 1.94281e-06 3.50585e-06 9.09515e-06
-12 24 -12 2.76269e-06 -3.06261e-06 -8.78022e-06
-12 24 0 5.52703e-06 -1.58018e-06 -4.558e-06
-12 24 12 6.44289e-06 5.60286e-13 -1.0215e-12
-12 24 24 5.52702e-06 1.58018e-06 4.558e-06
-12 24 36 2.76269e-06 3.06261e-06 8.78022e-06
-12 24 48 2.35802e-06 -3.08901e-06 -9.79006e-06
-12 24 60 5.44894e-06 -1.72527e-06 -5.47884e-06
-12 24 72 6.59644e-06 -2.48791e-07 -7.90541e-07
-12 24 84 6.10071e-06 1.24111e-06 3.94305e-06
-12 24 96 3.59935e-06 2.65093e-06 8.40802e-06
-12 24 108 1.73047e-06 -3.0614e-06 -1.07817e-05
-12 24 120 5.36586e-06 -1.83818e-06 -6.45318e-06
-12 24 132 6.7491e-06 -4.65208e-07 -1.63128e-06
-12 24 144 6.5485e-06 9.30428e-07 3.26255e-06
-12 24 156 4.4528e-06 2.2708e-06 7.97855e-06
-12 24 168 9.73551e-07 -2.98202e-06 -1.17779e-05
-12 24 180 5.26555e-06 -1.91082e-06 -7.46913e-06
-12 24 192 6.88835e-06 -6.46491e-07 -2.51842e-06
0 -24 -192 4.66618e-05 -4.79489e-06 1.08324e-06
0 -24 -180 5.39689e-05 -1.56133e-05 3.44958e-06
0 -24 -168 7.28659e-05 -3.09747e-05 6.40839e-06
0 -24 -156 5.45056e-05 1.93594e-05 -3.81226e-06
0 -24 -144 4.55679e-05 6.84174e-06 -1.40415e-06
0 -24 -132 4.46958e-05 -3.42087e-06 7.02075e-07
0 -24 -120 5.06285e-05 -1.47599e-05 2.95935e-06
0 -24 -108 6.60763e-05 -3.04888e-05 5.7231e-06
0 -24 -96 5.45034e-05 2.33516e-05 -4.13907e-06
0 -24 -84 4.45741e-05 9.13925e-06 -1.71498e-06
0 -24 -72 4.25804e-05 -1.79847e-06 3.39372e-07
0 -24 -60 4.71686e-05 -1.34254e-05 2.47876e-06
0 -24 -48 5.94147e-05 -2.90994e-05 5.04619e-06
0 -24 -36 5.3879e-05 2.75992e-05 -4.42477e-06
0 -24 -24 4.38133e-05 1.17897e-05 -2.02026e-06
0 -24 -12 4.21208e-05 4.01747e-06 -1.03818e-12
0 -24 0 4.38133e-05 -1.17897e-05 2.02026e-06
0 -24 12 5.3879e-05 -2.75992e-05 4.42477e-06
0 -24 24 5.6823e-05 -3.09587e-05 -3.24128e-06
0 -24 36 4.55571e-05 -1.41839e-05 -1.59202e-06
0 -24 48 4.13058e-05 -1.89611e-06 -2.18022e-07
0 -24 60 4.3156e-05 9.64059e-06 1.10166e-06
0 -24 72 5.23127e-05 2.47827e-05 2.6584e-06
0 -24 84 6.35097e-05 -3.28096e-05 -3.69065e-06
0 -24 96 4.90722e-05 -1.5727e-05 -1.9071e-06
0 -24 108 4.34989e-05 -3.63428e-06 -4.52499e-07
0 -24 120 4.43197e-05 7.26859e-06 9.04991e-07
0 -24 132 5.27033e-05 2.06816e-05 2.45701e-06
0 -24 144 7.08748e-05 -3.40955e-05 -4.16214e-06
0 -24 156 5.26817e-05 -1.69527e-05 -2.23632e-06
0 -24 168 4.56724e-05 -5.18402e-06 -7.02077e-07
0 -24 180 4.56724e-05 5.18405e-06 7.02073e-07
0 -24 192 5.26817e-05 1.69527e-05 2.23632e-06
0 -12 -192 4.78197e-05 6.83513e-12 -3.01656e-12
0 -12 -180 5.2432e-05 9.44543e-06 7.64218e-07
0 -12 -168 6.60609e-05 2.13137e-05 1.67037e-06
0 -12 -156 7.15781e-05 -2.13563e-05 -1.88212e-06
0 -12 -144 5.58521e-05 -1.03124e-05 -9.27628e-07
0 -12 -132 4.98316e-05 -1.40153e-06 -1.27059e-07
0 -12 -120 5.24563e-05 7.0958e-06 6.41995e-07
0 -12 -108 6.53069e-05 1.7416e-05 1.54582e-06
0 -12 -96 7.81564e-05 -2.10242e-05 -2.10993e-06
0 -12 -84 5.93293e-05 -1.08527e-05 -1.09682e-06
0 -12 -72 5.18159e-05 -2.56647e-06 -2.60435e-07
0 -12 -60 5.29298e-05 5.13294e-06 5.20864e-07
0 -12 -48 6.41448e-05 1.39943e-05 1.4112e-06
0 -12 -36 8.41583e-05 -2.02293e-05 -2.32925e-06
0 -12 -24 6.22871e-05 -1.09432e-05 -1.26232e-06
0 -12 -12 5.33682e-05 -3.43225e-06 -3.96885e-07
0 -12 0 5.33682e-05 3.43224e-06 3.96881e-07
0 -12 12 6.22871e-05 1.09432e-05 1.26232e-06
0 -12 24 8.41582e-05 2.02293e-05 2.32925e-06
0 -12 36 6.65929e-05 -1.08569e-05 -1.45391e-06
0 -12 48 5.49479e-05 -4.01972e-06 -5.3749e-07
0 -12 60 5.37791e-05 2.00985e-06 2.68741e-07
0 -12 72 6.16207e-05 8.45344e-06 1.13085e-06
0 -12 84 8.08805e-05 1.61388e-05 2.16922e-06
0 -12 96 7.12013e-05 -1.03806e-05 -1.65352e-06
0 -12 108 5.71045e-05 -4.36963e-06 -6.8925e-07
0 -12 120 5.41626e-05 8.65772e-07 1.36447e-07
0 -12 132 6.08791e-05 6.29241e-06 9.94994e-07
0 -12 144 7.797e-05 1.25653e-05 2.01005e-06
0 -12 156 7.58924e-05 -9.48089e-06 -1.85741e-06
0 -12 168 6.00623e-05 -4.46013e-06 -8.54754e-07
0 -12 180 5.45186e-05 -4.54647e-12 -3.49442e-12
0 -12 192 6.00623e-05 4.46013e-06 8.5475e-07
0 0 -192 5.79567e-05 -1.32556e-06 -3.2779e-12
0 0 -180 5.79567e-05 1.32555e-06 -3.01796e-12
0 0 -168 6.77152e-05 4.15035e-06 -2.22521e-12
0 0 -156 9.03427e-05 7.2765e-06 -2.28681e-12
0 0 -144 7.13659e-05 -3.11111e-06 -2.13463e-12
0 0 -132 5.89326e-05 -1.17828e-06 -2.97328e-12
0 0 -120 5.76599e-05 5.89132e-07 -3.00831e-12
0 0 -108 6.61126e-05 2.44617e-06 -2.02555e-12
0 0 -96 8.61071e-05 4.50362e-06 -2.11983e-12
0 0 -84 7.52481e-05 -1.7297e-06 -2.04688e-12
0 0 -72 6.0495e-05 -7.41998e-07 -2.79307e-12
0 0 -60 5.73554e-05 1.47278e-07 -2.95225e-12
0 0 -48 6.44916e-05 1.06272e-06 -1.84526e-12
0 0 -36 8.22283e-05 2.07798e-06 -1.84336e-12
0 0 -24 7.91403e-05 -5.76244e-13 -1.75208e-12
0 0 -12 6.28521e-05 -2.7489e-12 -2.73798e-12
0 0 0 5.70433e-05 -7.04353e-12 -2.84976e-12
0 0 12 6.28521e-05 -3.84278e-12 -1.68434e-12
0 0 24 7.91404e-05 1.39455e-12 -1.45308e-12
0 0 36 8.22283e-05 2.07798e-06 -7.87482e-13
0 0 48 6.44916e-05 1.06272e-06 -2.40852e-12
0 0 60 5.73554e-05 1.4728e-07 -2.49494e-12
0 0 72 6.0495e-05 -7.41999e-07 -1.6462e-12
0 0 84 7.52481e-05 -1.7297e-06 -1.66837e-12
0 0 96 8.61071e-05 4.50361e-06 4.54972e-13
0 0 108 6.61126e-05 2.44617e-06 -2.05075e-12
0 0 120 5.76599e-05 5.89134e-07 -2.17311e-12
0 0 132 5.89326e-05 -1.17828e-06 -1.56681e-12
0 0 144 7.13659e-05 -3.11111e-06 -1.79824e-12
0 0 156 9.03427e-05 7.2765e-06 1.59891e-12
0 0 168 6.77152e-05 4.15035e-06 -1.66466e-12
0 0 180 5.79567e-05 1.32556e-06 -1.88428e-12
0 0 192 5.79567e-05 -1.32556e-06 -1.47545e-12
0 12 -192 6.00623e-05 4.46013e-06 8.54751e-07
0 12 -180 5.45186e-05 1.10908e-12 -1.29101e-12
0 12 -168 6.00623e-05 -4.46013e-06 -8.54754e-07
0 12 -156 7.58924e-05 -9.48089e-06 -1.85741e-06
0 12 -144 7.797e-05 1.25653e-05 2.01005e-06
0 12 -132 6.08791e-05 6.29241e-06 9.94994e-07
0 12 -120 5.41626e-05 8.65776e-07 1.36448e-07
0 12 -108 5.71045e-05 -4.36962e-06 -6.89249e-07
0 12 -96 7.12013e-05 -1.03806e-05 -1.65353e-06
0 12 -84 8.08805e-05 1.61388e-05 2.16923e-06
0 12 -72 6.16207e-05 8.45344e-06 1.13085e-06
0 12 -60 5.37791e-05 2.00986e-06 2.68742e-07
0 12 -48 5.49479e-05 -4.01971e-06 -5.37488e-07
0 12 -36 6.65929e-05 -1.08569e-05 -1.45391e-06
0 12 -24 8.41583e-05 2.02293e-05 2.32925e-06
0 12 -12 6.22871e-05 1.09432e-05 1.26232e-06
0 12 0 5.33682e-05 3.43225e-06 3.96881e-07
0 12 12 5.33682e-05 -3.43224e-06 -3.96883e-07
0 12 24 6.22871e-05 -1.09432e-05 -1.26233e-06
0 12 36 8.41582e-05 -2.02293e-05 -2.32926e-06
0 12 48 6.41448e-05 1.39943e-05 1.4112e-06
0 12 60 5.29298e-05 5.13294e-06 5.20864e-07
0 12 72 5.18159e-05 -2.56647e-06 -2.60434e-07
0 12 84 5.93293e-05 -1.08527e-05 -1.09682e-06
0 12 96 7.81564e-05 -2.10242e-05 -2.10994e-06
0 12 108 6.53069e-05 1.7416e-05 1.54582e-06
0 12 120 5.24563e-05 7.0958e-06 6.41995e-07
0 12 132 4.98316e-05 -1.40153e-06 -1.27057e-07
0 12 144 5.58521e-05 -1.03124e-05 -9.27629e-07
0 12 156 7.15781e-05 -2.13563e-05 -1.88213e-06
0 12 168 6.60609e-05 2.13137e-05 1.67038e-06
0 12 180 5.2432e-05 9.44543e-06 7.64218e-07
0 12 192 4.78197e-05 1.54334e-12 -5.49753e-13
0 24 -192 5.26817e-05 1.69527e-05 2.23632e-06
0 24 -180 4.56724e-05 5.18404e-06 7.02074e-07
0 24 -168 4.56724e-05 -5.18403e-06 -7.02074e-07
0 24 -156 5.26817e-05 -1.69527e-05 -2.23632e-06
0 24 -144 7.08748e-05 -3.40955e-05 -4.16215e-06
0 24 -132 5.27033e-05 2.06816e-05 2.45701e-06
0 24 -120 4.43197e-05 7.26859e-06 9.04992e-07
0 24 -108 4.34989e-05 -3.63429e-06 -4.52496e-07
0 24 -96 4.90722e-05 -1.5727e-05 -1.9071e-06
0 24 -84 6.35097e-05 -3.28096e-05 -3.69065e-06
0 24 -72 5.23127e-05 2.47827e-05 2.65841e-06
0 24 -60 4.3156e-05 9.64059e-06 1.10167e-06
0 24 -48 4.13058e-05 -1.8961e-06 -2.18018e-07
0 24 -36 4.55571e-05 -1.41839e-05 -1.59202e-06
0 24 -24 5.6823e-05 -3.09587e-05 -3.24128e-06
0 24 -12 5.3879e-05 -2.75992e-05 4.42477e-06
0 24 0 4.38133e-05 -1.17897e-05 2.02026e-06
0 24 12 4.21208e-05 -4.22396e-06 -5.15502e-12
0 24 24 4.38133e-05 1.17897e-05 -2.02027e-06
0 24 36 5.3879e-05 2.75992e-05 -4.42477e-06
0 24 48 5.94147e-05 -2.90994e-05 5.04619e-06
0 24 60 4.71686e-05 -1.34254e-05 2.47876e-06
0 24 72 4.25804e-05 -1.79847e-06 3.39368e-07
0 24 84 4.45741e-05 9.13926e-06 -1.71499e-06
0 24 96 5.45034e-05 2.33516e-05 -4.13908e-06
0 24 108 6.60763e-05 -3.04888e-05 5.7231e-06
0 24 120 5.06285e-05 -1.47599e-05 2.95935e-06
0 24 132 4.46958e-05 -3.42086e-06 7.02071e-07
0 24 144 4.55679e-05 6.84175e-06 -1.40416e-06
0 24 156 5.45056e-05 1.93594e-05 -3.81227e-06
0 24 168 7.28659e-05 -3.09747e-05 6.40839e-06
0 24 180 5.39689e-05 -1.56133e-05 3.44958e-06
0 24 192 4.66618e-05 -4.79488e-06 1.08324e-06
12 -24 -192 6.88834e-06 -6.46493e-07 -2.51842e-06
12 -24 -180 5.26555e-06 -1.91082e-06 -7.46913e-06
12 -24 -168 9.73549e-07 -2.982e-06 -1.17779e-05
12 -24 -156 4.45281e-06 2.27081e-06 7.97855e-06
12 -24 -144 6.54851e-06 9.30428e-07 3.26255e-06
12 -24 -132 6.7491e-06 -4.65208e-07 -1.63128e-06
12 -24 -120 5.36586e-06 -1.83818e-06 -6.45318e-06
12 -24 -108 1.73046e-06 -3.06138e-06 -1.07817e-05
12 -24 -96 3.59936e-06 2.65093e-06 8.40801e-06
12 -24 -84 6.10071e-06 1.24111e-06 3.94305e-06
12 -24 -72 6.59645e-06 -2.48789e-07 -7.9054e-07
12 -24 -60 5.44894e-06 -1.72527e-06 -5.47884e-06
12 -24 -48 2.35802e-06 -3.089e-06 -9.79005e-06
12 -24 -36 2.76269e-06 3.06262e-06 8.78022e-06
12 -24 -24 5.52703e-06 1.58019e-06 4.558e-06
12 -24 -12 6.4429e-06 5.60746e-12 -8.59651e-13
12 -24 0 5.52703e-06 -1.58017e-06 -4.558e-06
12 -24 12 2.76269e-06 -3.0626e-06 -8.78022e-06
12 -24 24 1.94281e-06 3.50586e-06 9.09515e-06
12 -24 36 4.95833e-06 1.95144e-06 5.11945e-06
12 -24 48 6.09054e-06 2.81175e-07 7.40342e-07
12 -24 60 5.60012e-06 -1.40289e-06 -3.69066e-06
12 -24 72 3.15057e-06 -3.00465e-06 -7.82765e-06
12 -24 84 9.33542e-07 3.88975e-06 9.22848e-06
12 -24 96 4.36561e-06 2.3198e-06 5.60215e-06
12 -24 108 5.70926e-06 5.86311e-07 1.42443e-06
12 -24 120 5.51235e-06 -1.17261e-06 -2.84886e-06
12 -24 132 3.49322e-06 -2.87016e-06 -6.89996e-06
12 -24 144 -1.27388e-07 4.25202e-06 9.24139e-06
12 -24 156 3.76619e-06 2.69444e-06 6.01274e-06
12 -24 168 5.31651e-06 9.10133e-07 2.04845e-06
12 -24 180 5.31652e-06 -9.10129e-07 -2.04845e-06
12 -24 192 3.76619e-06 -2.69444e-06 -6.01274e-06
12 -12 -192 4.70107e-06 4.81069e-12 -2.25425e-12
12 -12 -180 3.85971e-06 1.45381e-06 -3.60632e-06
12 -12 -168 1.40558e-06 2.78635e-06 -6.8057e-06
12 -12 -156 1.05327e-06 -2.87437e-06 7.61773e-06
12 -12 -144 3.79124e-06 -1.62035e-06 4.35172e-06
12 -12 -132 4.84529e-06 -2.34623e-07 6.33019e-07
12 -12 -120 4.38601e-06 1.16928e-06 -3.15116e-06
12 -12 -108 2.14316e-06 2.4748e-06 -6.59144e-06
12 -12 -96 5.03575e-07 -2.86967e-06 8.36768e-06
12 -12 -84 3.69256e-06 -1.73927e-06 5.12613e-06
12 -12 -72 4.96312e-06 -4.42328e-07 1.30873e-06
12 -12 -60 4.77564e-06 8.84673e-07 -2.61746e-06
12 -12 -48 2.87612e-06 2.14274e-06 -6.29778e-06
12 -12 -36 -1.42897e-07 -2.83226e-06 9.13149e-06
12 -12 -24 3.5878e-06 -1.8319e-06 5.94521e-06
12 -12 -12 5.07957e-06 -6.23106e-07 2.02713e-06
12 -12 0 5.07957e-06 6.23115e-07 -2.02713e-06
12 -12 12 3.58781e-06 1.8319e-06 -5.94521e-06
12 -12 24 -1.42889e-07 2.83226e-06 -9.13149e-06
12 -12 36 3.25216e-06 -1.87817e-06 6.73673e-06
12 -12 48 5.19464e-06 -7.76958e-07 2.78821e-06
12 -12 60 5.38489e-06 3.88483e-07 -1.39411e-06
12 -12 72 4.08997e-06 1.52604e-06 -5.4744e-06
12 -12 84 8.01168e-07 2.50714e-06 -8.99099e-06
12 -12 96 2.85214e-06 -1.88811e-06 7.54943e-06
12 -12 108 5.2069e-06 -8.96703e-07 3.57433e-06
12 -12 120 5.68113e-06 1.80005e-07 -7.17328e-07
12 -12 132 4.58807e-06 1.24115e-06 -4.95125e-06
12 -12 144 1.69535e-06 2.18728e-06 -8.75829e-06
12 -12 156 2.38346e-06 -1.82295e-06 8.32663e-06
12 -12 168 5.03298e-06 -9.57591e-07 4.34802e-06
12 -12 180 5.91813e-06 2.305e-12 -1.46171e-12
12 -12 192 5.03298e-06 9.57595e-07 -4.34803e-06
12 0 -192 5.16758e-06 -3.3523e-07 2.08455e-06
12 0 -180 5.16758e-06 3.35239e-07 -2.08455e-06
12 0 -168 3.66331e-06 9.77672e-07 -6.10891e-06
12 0 -156 -1.10617e-07 1.47518e-06 -9.36319e-06
12 0 -144 3.24233e-06 -9.05635e-07 6.82431e-06
12 0 -132 5.19771e-06 -3.79625e-07 2.83087e-06
12 0 -120 5.38909e-06 1.8982e-07 -1.41544e-06
12 0 -108 4.08587e-06 7.39961e-07 -5.55069e-06
12 0 -96 7.74262e-07 1.18951e-06 -9.08438e-06
12 0 -84 2.73136e-06 -7.90874e-07 7.49829e-06
12 0 -72 5.08875e-06 -3.81632e-07 3.56502e-06
12 0 -60 5.56425e-06 7.67308e-08 -7.15753e-07
12 0 -48 4.46862e-06 5.2576e-07 -4.93201e-06
12 0 -36 1.57461e-06 9.1004e-07 -8.68421e-06
12 0 -24 2.18517e-06 -6.3784e-07 8.14447e-06
12 0 -12 4.82069e-06 -3.40267e-07 4.27528e-06
12 0 0 5.70471e-06 5.34852e-12 4.27085e-13
12 0 12 4.82069e-06 3.40278e-07 -4.27528e-06
12 0 24 2.18518e-06 6.37847e-07 -8.14447e-06
12 0 36 1.63418e-06 -4.55016e-07 8.79925e-06
12 0 48 4.55075e-06 -2.62873e-07 4.99455e-06
12 0 60 5.65257e-06 -3.83575e-08 7.24651e-07
12 0 72 5.17464e-06 1.90825e-07 -3.60955e-06
12 0 84 2.80055e-06 3.95444e-07 -7.59611e-06
12 0 96 9.014e-07 -2.39755e-07 9.38122e-06
12 0 108 4.27894e-06 -1.49449e-07 5.72282e-06
12 0 120 5.59997e-06 -3.83578e-08 1.4582e-06
12 0 132 5.40645e-06 7.67317e-08 -2.91639e-06
12 0 144 3.42074e-06 1.82832e-07 -7.03914e-06
12 0 156 1.30894e-06 4.08847e-12 9.71838e-06
12 0 168 4.00525e-06 4.22614e-12 6.46009e-06
12 0 180 5.54691e-06 4.52278e-12 2.20064e-06
12 0 192 5.54691e-06 6.20734e-12 -2.20064e-06
12 12 -192 4.10762e-06 2.01771e-07 3.88844e-06
12 12 -180 4.96991e-06 6.7526e-12 1.03231e-12
12 12 -168 4.10762e-06 -2.01758e-07 -3.88843e-06
12 12 -156 1.58057e-06 -3.75047e-07 -7.32526e-06
12 12 -144 1.00244e-06 6.011e-07 7.79552e-06
12 12 -132 3.76958e-06 3.50334e-07 4.47947e-06
12 12 -120 4.83607e-06 5.13101e-08 6.53039e-07
12 12 -108 4.37131e-06 -2.54962e-07 -3.24906e-06
12 12 -96 2.10357e-06 -5.24061e-07 -6.75989e-06
12 12 -84 2.76465e-07 8.42825e-07 8.17695e-06
12 12 -72 3.43346e-06 5.30682e-07 5.06246e-06
12 12 -60 4.70273e-06 1.36815e-07 1.29802e-06
12 12 -48 4.51489e-06 -2.73607e-07 -2.59604e-06
12 12 -36 2.62196e-06 -6.47399e-07 -6.20203e-06
12 12 -24 -5.22119e-07 1.0915e-06 8.46964e-06
12 12 -12 3.07141e-06 7.35432e-07 5.608e-06
12 12 0 4.53874e-06 2.53806e-07 1.92521e-06
12 12 12 4.53874e-06 -2.53791e-07 -1.92521e-06
12 12 24 3.07141e-06 -7.35421e-07 -5.608e-06
12 12 36 -5.22121e-07 -1.09149e-06 -8.46964e-06
12 12 48 2.46946e-06 9.45167e-07 6.01288e-06
12 12 60 4.3339e-06 3.98313e-07 2.52039e-06
12 12 72 4.51958e-06 -1.99147e-07 -1.26019e-06
12 12 84 3.26749e-06 -7.7375e-07 -4.91067e-06
12 12 96 1.69582e-07 -1.23528e-06 -7.91646e-06
12 12 108 1.84353e-06 1.17695e-06 6.38098e-06
12 12 120 4.04474e-06 5.69588e-07 3.07606e-06
12 12 132 4.4991e-06 -1.14548e-07 -6.18458e-07
12 12 144 3.45845e-06 -7.83733e-07 -4.23683e-06
12 12 156 7.79639e-07 -1.35319e-06 -7.35024e-06
12 12 168 1.22996e-06 1.43298e-06 6.72661e-06
12 12 180 3.64428e-06 7.65382e-07 3.58646e-06
12 12 192 4.4773e-06 3.83878e-12 -4.08796e-13
12 24 -192 1.90247e-06 1.18407e-06 4.48244e-06
12 24 -180 3.25123e-06 4.10073e-07 1.55753e-06
12 24 -168 3.25123e-06 -4.10065e-07 -1.55753e-06
12 24 -156 1.90247e-06 -1.18406e-06 -4.48244e-06
12 24 -144 -1.2392e-06 -1.74953e-06 -6.57283e-06
12 24 -132 1.33031e-06 1.3783e-06 4.71763e-06
12 24 -120 3.01753e-06 5.84274e-07 2.01385e-06
12 24 -108 3.19015e-06 -2.92129e-07 -1.00693e-06
12 24 -96 2.04358e-06 -1.13058e-06 -3.88056e-06
12 24 -84 -6.75872e-07 -1.7932e-06 -6.09005e-06
12 24 -72 7.44402e-07 1.58358e-06 4.90839e-06
12 24 -60 2.70894e-06 7.7223e-07 2.42046e-06
12 24 -48 3.12695e-06 -1.55438e-07 -4.87753e-07
12 24 -36 2.17701e-06 -1.05965e-06 -3.31009e-06
12 24 -24 -1.85664e-07 -1.816e-06 -5.60263e-06
12 24 -12 1.755e-07 1.80358e-06 5.06936e-06
12 24 0 2.30274e-06 9.71281e-07 2.77102e-06
12 24 12 3.06163e-06 7.54797e-12 -7.41225e-13
12 24 24 2.30274e-06 -9.71267e-07 -2.77102e-06
12 24 36 1.75498e-07 -1.80356e-06 -5.06937e-06
12 24 48 -3.87824e-07 2.00602e-06 5.1761e-06
12 24 60 1.88842e-06 1.1707e-06 3.07705e-06
12 24 72 2.81046e-06 1.71789e-07 4.54459e-07
12 24 84 2.40404e-06 -8.53329e-07 -2.254e-06
12 24 96 5.06468e-07 -1.74927e-06 -4.5452e-06
12 24 108 -1.03298e-06 2.17899e-06 5.16717e-06
12 24 120 1.4763e-06 1.37439e-06 3.34161e-06
12 24 132 2.55446e-06 3.55467e-07 8.72192e-07
12 24 144 2.39104e-06 -7.1093e-07 -1.74439e-06
12 24 156 8.12788e-07 -1.67506e-06 -4.04671e-06
12 24 168 -1.90276e-06 -1.88122e-06 4.58878e-06
12 24 180 7.14359e-07 -1.30704e-06 3.27917e-06
12 24 192 1.90398e-06 -4.57813e-07 1.16026e-06
24 -12 -192 -1.19162e-06 3.19168e-12 -5.79886e-12
24 -12 -180 -1.22149e-06 1.8313e-08 1.19356e-07
24 -12 -168 -1.2892e-06 4.45511e-08 2.75675e-07
24 -12 -156 -1.29638e-06 -5.35482e-08 -3.06309e-07
24 -12 -144 -1.22739e-06 -2.38572e-08 -1.43321e-07
24 -12 -132 -1.19237e-06 -3.10555e-09 -1.91561e-08
24 -12 -120 -1.2086e-06 1.58955e-08 9.73743e-08
24 -12 -108 -1.27103e-06 4.25702e-08 2.47294e-07
24 -12 -96 -1.273e-06 6.20244e-08 -3.48704e-07
24 -12 -84 -1.21393e-06 2.99317e-08 -1.74808e-07
24 -12 -72 -1.17977e-06 6.83731e-09 -4.08176e-08
24 -12 -60 -1.18551e-06 -1.36643e-08 8.16275e-08
24 -12 -48 -1.23173e-06 -3.93757e-08 2.2726e-07
24 -12 -36 -1.28961e-06 6.38769e-08 -3.82733e-07
24 -12 -24 -1.22617e-06 3.1608e-08 -1.97715e-07
24 -12 -12 -1.1859e-06 9.47422e-09 -6.08201e-08
24 -12 0 -1.18589e-06 -9.4645e-09 6.08148e-08
24 -12 12 -1.22617e-06 -3.1598e-08 1.97711e-07
24 -12 24 -1.2896e-06 -6.38666e-08 3.82728e-07
24 -12 36 -1.24095e-06 3.37321e-08 -2.25657e-07
24 -12 48 -1.19196e-06 1.16094e-08 -8.05695e-08
24 -12 60 -1.1859e-06 -5.79611e-09 4.02807e-08
24 -12 72 -1.22205e-06 -2.55476e-08 1.73198e-07
24 -12 84 -1.28492e-06 -5.34535e-08 3.47853e-07
24 -12 96 -1.25604e-06 3.53978e-08 -2.54636e-07
24 -12 108 -1.19994e-06 1.3565e-08 -1.01636e-07
24 -12 120 -1.18525e-06 -2.65201e-09 2.00181e-08
24 -12 132 -1.21687e-06 -2.01516e-08 1.48847e-07
24 -12 144 -1.27867e-06 -4.41885e-08 3.14105e-07
24 -12 156 -1.2717e-06 3.63413e-08 -2.83732e-07
24 -12 168 -1.21131e-06 1.53396e-08 -1.24613e-07
24 -12 180 -1.18446e-06 4.82308e-12 -2.88816e-12
24 -12 192 -1.21131e-06 -1.53298e-08 1.24607e-07
24 0 -192 -1.18387e-06 6.48446e-09 -6.35741e-08
24 0 -180 -1.18387e-06 -6.4764e-09 6.35686e-08
24 0 -168 -1.22029e-06 -2.1334e-08 2.05198e-07
24 0 -156 -1.27667e-06 -4.21963e-08 3.92392e-07
24 0 -144 -1.23187e-06 2.18011e-08 -2.34111e-07
24 0 -132 -1.18825e-06 7.66613e-09 -8.45419e-08
24 0 -120 -1.18282e-06 -3.82712e-09 4.22667e-08
24 0 -108 -1.21511e-06 -1.66342e-08 1.80414e-07
24 0 -96 -1.27047e-06 -3.39986e-08 3.57691e-07
24 0 -84 -1.24409e-06 2.16331e-08 -2.63931e-07
24 0 -72 -1.19473e-06 8.50283e-09 -1.06824e-07
24 0 -60 -1.18169e-06 -1.667e-09 2.10761e-08
24 0 -48 -1.20971e-06 -1.25138e-08 1.55668e-07
24 0 -36 -1.26383e-06 -2.68034e-08 3.24176e-07
24 0 -24 -1.25662e-06 2.07311e-08 -2.93838e-07
24 0 -12 -1.2041e-06 8.98018e-09 -1.30967e-07
24 0 0 -1.18049e-06 3.94396e-12 -3.15071e-12
24 0 12 -1.20409e-06 -8.97267e-09 1.30961e-07
24 0 24 -1.25662e-06 -2.0724e-08 2.93834e-07
24 0 36 -1.26946e-06 1.90952e-08 -3.23833e-07
24 0 48 -1.21368e-06 8.87801e-09 -1.55071e-07
24 0 60 -1.18487e-06 1.1856e-09 -2.0971e-08
24 0 72 -1.19827e-06 -6.01085e-09 1.06293e-07
24 0 84 -1.24909e-06 -1.53786e-08 2.63403e-07
24 0 96 -1.28127e-06 1.69467e-08 -3.57352e-07
24 0 108 -1.22267e-06 8.22798e-09 -1.79252e-07
24 0 120 -1.1887e-06 1.88823e-09 -4.18683e-08
24 0 132 -1.1944e-06 -3.76578e-09 8.37269e-08
24 0 144 -1.24036e-06 -1.07992e-08 2.32994e-07
24 0 156 -1.2923e-06 1.40366e-08 -3.92396e-07
24 0 168 -1.23118e-06 7.02843e-09 -2.035e-07
24 0 180 -1.1921e-06 2.12346e-09 -6.27405e-08
24 0 192 -1.1921e-06 -2.117e-09 6.27338e-08
24 12 -192 -1.18562e-06 1.50896e-09 -1.31815e-07
24 12 -180 -1.16377e-06 2.53009e-12 -3.0584e-12
24 12 -168 -1.18562e-06 -1.50396e-09 1.3181e-07
24 12 -156 -1.23396e-06 -3.44353e-09 2.93923e-07
24 12 -144 -1.24409e-06 1.40979e-12 -3.23775e-07
24 12 -132 -1.1933e-06 2.32891e-12 -1.56145e-07
24 12 -120 -1.16689e-06 2.23537e-12 -2.11917e-08
24 12 -108 -1.17919e-06 2.00479e-12 1.07314e-07
24 12 -96 -1.22558e-06 2.28782e-12 2.63963e-07
24 12 -84 -1.25209e-06 -4.21921e-09 -3.56866e-07
24 12 -72 -1.19966e-06 -2.07624e-09 -1.80651e-07
24 12 -60 -1.16895e-06 -4.78187e-10 -4.24135e-08
24 12 -48 -1.17412e-06 9.62625e-10 8.48176e-08
24 12 -36 -1.21556e-06 2.71953e-09 2.34144e-07
24 12 -24 -1.25987e-06 -9.29785e-09 -3.91224e-07
24 12 -12 -1.20595e-06 -4.72679e-09 -2.05166e-07
24 12 0 -1.17098e-06 -1.43897e-09 -6.36684e-08
24 12 12 -1.17097e-06 1.4429e-09 6.36619e-08
24 12 24 -1.20595e-06 4.73102e-09 2.05161e-07
24 12 36 -1.25987e-06 9.30164e-09 3.9122e-07
24 12 48 -1.21401e-06 -8.14992e-09 -2.34321e-07
24 12 60 -1.17298e-06 -2.88011e-09 -8.49564e-08
24 12 72 -1.16785e-06 1.44281e-09 4.24731e-08
24 12 84 -1.19827e-06 6.23734e-09 1.80831e-07
24 12 96 -1.25014e-06 1.26643e-08 3.56889e-07
24 12 108 -1.22229e-06 -1.2325e-08 -2.6425e-07
24 12 120 -1.17682e-06 -4.87975e-09 -1.07632e-07
24 12 132 -1.16476e-06 9.62347e-10 2.12513e-08
24 12 144 -1.19066e-06 7.17161e-09 1.56491e-07
24 12 156 -1.24041e-06 1.52452e-08 3.23932e-07
24 12 168 -1.22974e-06 -1.72438e-08 -2.9418e-07
24 12 180 -1.18258e-06 -7.54664e-09 -1.32208e-07
24 12 192 -1.16123e-06 1.61062e-12 -3.78529e-12
